DecompositionData {
  index: &[
    0, 0x1, 0x2, 0x3, 0x4, 0x5, 0x6, 0x7, 0x8, 0x9, 0xA, 0xB, 0xC, 0xD, 0xE, 0xF, 0x10, 0x11, 0x12, 0x13, 0x14, 0x15, 0x16, 
    0x17, 0x18, 0x19, 0x1A, 0x1B, 0x1C, 0x1D, 0x1E, 0x1F, 0x20, 0x21, 0, 0, 0, 0, 0x22, 0, 0, 0, 0, 0, 0, 0, 0x23, 0x24, 0, 
    0x25, 0x26, 0, 0x27, 0x28, 0x29, 0x2A, 0x2B, 0x2C, 0, 0x2D, 0x2E, 0x2F, 0x30, 0x31, 0x32, 0x33, 0x34, 0x35, 0x36, 0x37, 
    0x38, 0, 0, 0, 0, 0, 0, 0, 0, 0, 0, 0, 0, 0, 0, 0x39, 0, 0, 0, 0x3A, 0x3B, 0x3C, 0, 0, 0, 0, 0x3D, 0x3E, 0, 0, 0, 0, 0, 
    0, 0, 0, 0, 0, 0, 0, 0, 0, 0, 0, 0, 0, 0, 0, 0, 0, 0, 0, 0, 0, 0, 0, 0, 0, 0, 0, 0, 0, 0, 0, 0, 0, 0, 0, 0, 0, 0, 0, 0, 
    0, 0, 0, 0, 0, 0, 0, 0, 0, 0, 0, 0, 0, 0, 0, 0, 0, 0, 0, 0, 0, 0, 0, 0, 0, 0, 0, 0, 0, 0, 0, 0, 0, 0, 0, 0, 0, 0, 0, 0, 
    0, 0, 0, 0, 0, 0, 0, 0, 0, 0, 0, 0, 0, 0, 0, 0, 0, 0, 0, 0, 0, 0, 0, 0, 0, 0, 0, 0, 0, 0, 0, 0, 0, 0, 0, 0, 0, 0, 0, 0, 
    0, 0, 0, 0, 0, 0, 0, 0, 0, 0, 0, 0, 0, 0, 0, 0, 0, 0, 0, 0, 0, 0, 0, 0, 0, 0, 0, 0, 0, 0, 0, 0, 0, 0, 0, 0, 0, 0, 0, 0, 
    0, 0, 0, 0, 0, 0, 0, 0, 0, 0, 0, 0, 0, 0, 0, 0, 0, 0, 0, 0, 0, 0, 0, 0, 0, 0, 0, 0, 0, 0, 0, 0, 0, 0, 0, 0, 0, 0, 0, 0, 
    0, 0, 0, 0, 0, 0, 0, 0, 0, 0, 0, 0, 0, 0, 0, 0, 0, 0, 0, 0, 0, 0, 0, 0, 0, 0, 0, 0, 0, 0x3F, 0x40, 0, 0, 0x41, 0x42, 
    0x43, 0x44, 0, 0x45, 0, 0x46, 0x7F, 0x7F, 0x7F, 0x7F, 0x7F, 0x7F, 0x7F, 0x7F, 0x7F, 0x7F, 0x7F, 0x7F, 0x7F, 0x7F, 0x7F, 
    0x7F, 0x7F, 0x7F, 0x7F, 0x7F, 0x7F, 0x7F, 0x7F, 0x7F, 0x7F, 0x7F, 0x7F, 0x7F, 0x7F, 0x7F, 0x7F, 0x7F, 0x7F, 0x7F, 0x7F, 
    0x7F, 0x7F, 0x7F, 0x7F, 0x7F, 0x7F, 0x7F, 0x7F, 0x7F, 0x7F, 0x7F, 0x7F, 0x7F, 0x7F, 0x7F, 0x7F, 0x7F, 0x7F, 0x7F, 0x7F, 
    0x7F, 0x7F, 0x7F, 0x7F, 0x7F, 0x7F, 0x7F, 0x7F, 0x7F, 0x7F, 0x7F, 0x7F, 0x7F, 0x7F, 0x7F, 0x7F, 0x7F, 0x7F, 0x7F, 0x7F, 
    0x7F, 0x7F, 0x7F, 0x7F, 0x7F, 0x7F, 0x7F, 0x7F, 0x7F, 0x7F, 0x7F, 0x7F, 0x80, 0, 0, 0, 0, 0, 0, 0, 0, 0, 0, 0, 0, 0, 0, 
    0, 0, 0, 0, 0, 0, 0, 0, 0, 0, 0, 0, 0, 0, 0, 0, 0, 0, 0, 0, 0, 0, 0, 0, 0, 0, 0, 0, 0, 0, 0, 0, 0, 0, 0, 0, 0, 0, 0, 0, 
    0, 0, 0, 0, 0, 0, 0, 0, 0, 0, 0, 0, 0x47, 0x48, 0x49, 0x4A, 0x4B, 0, 0, 0, 0, 0, 0x4C, 0, 0, 0, 0, 0, 0, 0x4D, 0, 0x4E, 
    0x4F, 0, 0, 0, 0, 0, 0, 0, 0, 0, 0, 0, 0, 0, 0x50, 0x51, 0, 0, 0, 0, 0x52, 0, 0, 0x53, 0x54, 0x55, 0x56, 0x57, 0x58, 
    0x59, 0x5A, 0x5B, 0x5C, 0, 0x5D, 0x5E, 0, 0x5F, 0x60, 0x61, 0x62, 0, 0x63, 0, 0x64, 0x65, 0x66, 0x67, 0, 0, 0x68, 0, 
    0x69, 0x6A, 0, 0, 0x6B, 0, 0, 0, 0, 0, 0, 0, 0, 0, 0, 0, 0, 0, 0, 0, 0, 0, 0, 0, 0, 0, 0, 0, 0, 0, 0, 0, 0, 0, 0, 0, 0, 
    0, 0, 0, 0, 0, 0, 0, 0, 0, 0, 0, 0, 0, 0, 0, 0, 0, 0, 0, 0, 0, 0, 0, 0, 0, 0, 0, 0, 0, 0, 0, 0, 0, 0, 0, 0, 0, 0, 0, 0, 
    0, 0, 0, 0, 0, 0, 0, 0, 0, 0, 0, 0, 0, 0, 0, 0, 0, 0, 0, 0, 0, 0, 0, 0, 0, 0, 0, 0, 0, 0, 0, 0, 0, 0, 0, 0, 0, 0, 0, 0, 
    0, 0, 0, 0, 0, 0, 0, 0, 0, 0, 0, 0, 0, 0, 0, 0, 0, 0, 0, 0, 0, 0, 0, 0, 0, 0, 0, 0, 0, 0, 0, 0, 0, 0, 0, 0, 0, 0, 0x6C, 
    0x6D, 0, 0, 0, 0, 0, 0, 0, 0, 0x6E, 0, 0, 0, 0, 0, 0, 0, 0, 0, 0, 0, 0, 0, 0, 0, 0, 0, 0, 0, 0, 0, 0, 0, 0, 0, 0, 0, 0, 
    0, 0, 0, 0, 0, 0, 0, 0, 0, 0, 0, 0, 0, 0, 0, 0, 0, 0, 0, 0, 0, 0, 0, 0, 0, 0, 0, 0, 0, 0, 0, 0, 0, 0, 0, 0, 0, 0, 0, 0, 
    0, 0, 0, 0, 0, 0, 0, 0, 0, 0, 0, 0, 0, 0, 0, 0, 0, 0, 0, 0, 0, 0, 0, 0, 0, 0, 0, 0, 0, 0, 0, 0, 0, 0, 0, 0, 0, 0, 0, 0, 
    0, 0, 0, 0, 0, 0, 0, 0, 0, 0, 0, 0, 0, 0, 0, 0, 0, 0, 0, 0, 0, 0, 0, 0, 0, 0, 0, 0, 0, 0, 0, 0, 0, 0, 0, 0, 0, 0, 0, 0, 
    0, 0, 0, 0, 0, 0x6F, 0, 0, 0, 0, 0, 0, 0, 0, 0, 0, 0, 0, 0, 0, 0, 0, 0, 0, 0, 0, 0, 0, 0, 0, 0, 0, 0, 0, 0, 0, 0, 0, 0, 
    0, 0, 0, 0, 0, 0, 0, 0x70, 0x71, 0x72, 0, 0, 0, 0, 0, 0, 0, 0, 0, 0, 0, 0, 0, 0, 0, 0, 0, 0, 0, 0, 0, 0, 0, 0, 0, 0, 0, 
    0x73, 0x74, 0x75, 0, 0, 0x76, 0, 0, 0, 0x77, 0, 0, 0, 0, 0, 0, 0, 0x78, 0x79, 0, 0, 0, 0, 0, 0, 0, 0, 0, 0, 0, 0, 0, 0, 
    0, 0, 0, 0, 0, 0, 0, 0, 0, 0, 0, 0, 0, 0, 0, 0, 0, 0, 0, 0, 0, 0, 0, 0, 0, 0, 0, 0, 0, 0, 0, 0, 0, 0, 0, 0, 0, 0, 0, 0, 
    0, 0, 0, 0, 0, 0, 0, 0, 0, 0, 0, 0, 0, 0, 0, 0, 0, 0, 0, 0, 0, 0, 0, 0, 0, 0, 0, 0, 0, 0, 0, 0, 0, 0, 0, 0, 0, 0, 0, 0, 
    0, 0, 0, 0, 0, 0, 0, 0, 0, 0, 0, 0, 0, 0, 0, 0, 0, 0, 0, 0, 0, 0, 0, 0, 0, 0, 0, 0, 0, 0, 0, 0, 0, 0, 0, 0, 0, 0, 0, 0, 
    0, 0, 0, 0, 0, 0, 0, 0, 0, 0, 0, 0, 0, 0, 0, 0, 0, 0, 0, 0, 0, 0, 0, 0, 0, 0, 0, 0, 0, 0, 0, 0, 0, 0, 0, 0, 0, 0, 0, 0, 
    0, 0, 0, 0, 0, 0, 0, 0, 0, 0, 0, 0, 0, 0, 0, 0, 0, 0, 0, 0, 0, 0, 0, 0, 0, 0, 0, 0, 0, 0, 0, 0, 0, 0, 0, 0, 0, 0, 0, 0, 
    0, 0, 0, 0, 0, 0, 0, 0, 0, 0, 0, 0, 0, 0, 0, 0, 0, 0, 0, 0, 0, 0, 0, 0, 0, 0, 0, 0, 0, 0, 0, 0, 0, 0, 0, 0, 0, 0, 0, 0, 
    0, 0, 0, 0, 0, 0, 0, 0, 0, 0, 0, 0, 0, 0, 0, 0, 0, 0, 0, 0, 0, 0, 0, 0, 0, 0, 0, 0, 0, 0, 0, 0, 0, 0, 0, 0, 0, 0, 0, 0, 
    0, 0, 0, 0, 0, 0, 0, 0, 0, 0, 0, 0, 0, 0, 0, 0, 0, 0, 0, 0, 0, 0, 0, 0, 0, 0, 0, 0, 0, 0, 0, 0, 0, 0, 0, 0, 0, 0, 0, 0, 
    0, 0, 0, 0, 0, 0, 0, 0, 0, 0, 0, 0, 0, 0, 0, 0, 0, 0, 0, 0, 0, 0, 0, 0, 0, 0, 0, 0, 0, 0, 0, 0, 0, 0, 0, 0, 0, 0, 0, 0, 
    0, 0, 0, 0, 0, 0, 0, 0, 0, 0, 0, 0, 0, 0, 0, 0, 0, 0, 0, 0, 0, 0, 0, 0, 0, 0, 0, 0, 0, 0, 0, 0, 0, 0, 0, 0, 0, 0, 0, 0, 
    0, 0, 0, 0, 0, 0, 0, 0, 0, 0, 0, 0, 0, 0, 0, 0, 0, 0, 0, 0, 0, 0, 0, 0, 0, 0, 0, 0, 0, 0, 0, 0, 0, 0, 0, 0, 0, 0, 0, 0, 
    0, 0, 0, 0, 0, 0, 0, 0, 0, 0, 0, 0, 0, 0, 0, 0, 0, 0, 0, 0, 0, 0, 0, 0, 0, 0, 0, 0, 0, 0, 0, 0, 0, 0, 0, 0, 0, 0, 0, 0, 
    0, 0, 0, 0, 0, 0, 0, 0, 0, 0, 0, 0, 0, 0, 0, 0, 0, 0, 0, 0, 0, 0, 0, 0, 0, 0, 0, 0, 0, 0, 0, 0, 0, 0, 0, 0, 0, 0, 0, 0, 
    0, 0, 0, 0, 0, 0, 0, 0x7A, 0x7B, 0x7C, 0x7D, 0x7E, 
  ],
  data: &[
    0, 0, 0, 0, 0, 0, 0, 0, 0, 0, 0, 0, 0, 0, 0, 0, 0, 0, 0, 0, 0, 0, 0, 0, 0, 0, 0, 0, 0, 0, 0, 0, 0, 0, 0, 0, 0, 0, 0, 0, 
    0, 0, 0, 0, 0, 0, 0, 0, 0, 0, 0, 0, 0, 0, 0, 0, 0, 0, 0, 0, 0, 0, 0, 0, 0, 0, 0, 0, 0, 0, 0, 0, 0, 0, 0, 0, 0, 0, 0, 0, 
    0, 0, 0, 0, 0, 0, 0, 0, 0, 0, 0, 0, 0, 0, 0, 0, 0, 0, 0, 0, 0, 0, 0, 0, 0, 0, 0, 0, 0, 0, 0, 0, 0, 0, 0, 0, 0, 0, 0, 0, 
    0, 0, 0, 0, 0, 0, 0, 0, 0, 0, 0, 0, 0, 0, 0, 0, 0, 0, 0, 0, 0, 0, 0, 0, 0, 0, 0, 0, 0, 0, 0, 0, 0, 0, 0, 0, 0, 0, 0, 0, 
    0, 0, 0, 0, 0, 0, 0, 0, 0, 0, 0, 0, 0, 0, 0, 0, 0, 0, 0, 0, 0, 0, 0, 0, 0, 0, 0, 0, 0, 0, 0, 0, 0x3000041, 0x3010041, 
    0x3020041, 0x3030041, 0x3080041, 0x30A0041, 0, 0x3270043, 0x3000045, 0x3010045, 0x3020045, 0x3080045, 0x3000049, 
    0x3010049, 0x3020049, 0x3080049, 0, 0x303004E, 0x300004F, 0x301004F, 0x302004F, 0x303004F, 0x308004F, 0, 0, 0x3000055, 
    0x3010055, 0x3020055, 0x3080055, 0x3010059, 0, 0, 0x3000061, 0x3010061, 0x3020061, 0x3030061, 0x3080061, 0x30A0061, 0, 
    0x3270063, 0x3000065, 0x3010065, 0x3020065, 0x3080065, 0x3000069, 0x3010069, 0x3020069, 0x3080069, 0, 0x303006E, 
    0x300006F, 0x301006F, 0x302006F, 0x303006F, 0x308006F, 0, 0, 0x3000075, 0x3010075, 0x3020075, 0x3080075, 0x3010079, 0, 
    0x3080079, 0x3040041, 0x3040061, 0x3060041, 0x3060061, 0x3280041, 0x3280061, 0x3010043, 0x3010063, 0x3020043, 
    0x3020063, 0x3070043, 0x3070063, 0x30C0043, 0x30C0063, 0x30C0044, 0x30C0064, 0, 0, 0x3040045, 0x3040065, 0x3060045, 
    0x3060065, 0x3070045, 0x3070065, 0x3280045, 0x3280065, 0x30C0045, 0x30C0065, 0x3020047, 0x3020067, 0x3060047, 
    0x3060067, 0x3070047, 0x3070067, 0x3270047, 0x3270067, 0x3020048, 0x3020068, 0, 0, 0x3030049, 0x3030069, 0x3040049, 
    0x3040069, 0x3060049, 0x3060069, 0x3280049, 0x3280069, 0x3070049, 0, 0, 0, 0x302004A, 0x302006A, 0x327004B, 0x327006B, 
    0, 0x301004C, 0x301006C, 0x327004C, 0x327006C, 0x30C004C, 0x30C006C, 0, 0, 0, 0, 0x301004E, 0x301006E, 0x327004E, 
    0x327006E, 0x30C004E, 0x30C006E, 0, 0, 0, 0x304004F, 0x304006F, 0x306004F, 0x306006F, 0x30B004F, 0x30B006F, 0, 0, 
    0x3010052, 0x3010072, 0x3270052, 0x3270072, 0x30C0052, 0x30C0072, 0x3010053, 0x3010073, 0x3020053, 0x3020073, 
    0x3270053, 0x3270073, 0x30C0053, 0x30C0073, 0x3270054, 0x3270074, 0x30C0054, 0x30C0074, 0, 0, 0x3030055, 0x3030075, 
    0x3040055, 0x3040075, 0x3060055, 0x3060075, 0x30A0055, 0x30A0075, 0x30B0055, 0x30B0075, 0x3280055, 0x3280075, 
    0x3020057, 0x3020077, 0x3020059, 0x3020079, 0x3080059, 0x301005A, 0x301007A, 0x307005A, 0x307007A, 0x30C005A, 
    0x30C007A, 0, 0, 0, 0, 0, 0, 0, 0, 0, 0, 0, 0, 0, 0, 0, 0, 0, 0, 0, 0, 0, 0, 0, 0, 0, 0, 0, 0, 0, 0, 0, 0, 0, 
    0x31B004F, 0x31B006F, 0, 0, 0, 0, 0, 0, 0, 0, 0, 0, 0, 0, 0, 0x31B0055, 0x31B0075, 0, 0, 0, 0, 0, 0, 0, 0, 0, 0, 0, 0, 
    0, 0, 0, 0, 0, 0, 0, 0, 0, 0, 0, 0, 0, 0, 0, 0, 0x30C0041, 0x30C0061, 0x30C0049, 0x30C0069, 0x30C004F, 0x30C006F, 
    0x30C0055, 0x30C0075, 0x303, 0x30303, 0x60303, 0x90303, 0xC0303, 0xF0303, 0x120303, 0x150303, 0, 0x180303, 0x1B0303, 
    0x1E0303, 0x210303, 0x30400C6, 0x30400E6, 0, 0, 0x30C0047, 0x30C0067, 0x30C004B, 0x30C006B, 0x328004F, 0x328006F, 
    0x240303, 0x270303, 0x30C01B7, 0x30C0292, 0x30C006A, 0, 0, 0, 0x3010047, 0x3010067, 0, 0, 0x300004E, 0x300006E, 
    0x2A0303, 0x2D0303, 0x30100C6, 0x30100E6, 0x30100D8, 0x30100F8, 0x30F0041, 0x30F0061, 0x3110041, 0x3110061, 0x30F0045, 
    0x30F0065, 0x3110045, 0x3110065, 0x30F0049, 0x30F0069, 0x3110049, 0x3110069, 0x30F004F, 0x30F006F, 0x311004F, 
    0x311006F, 0x30F0052, 0x30F0072, 0x3110052, 0x3110072, 0x30F0055, 0x30F0075, 0x3110055, 0x3110075, 0x3260053, 
    0x3260073, 0x3260054, 0x3260074, 0, 0, 0x30C0048, 0x30C0068, 0, 0, 0, 0, 0, 0, 0x3070041, 0x3070061, 0x3270045, 
    0x3270065, 0x300303, 0x330303, 0x360303, 0x390303, 0x307004F, 0x307006F, 0x3C0303, 0x3F0303, 0x3040059, 0x3040079, 0, 
    0, 0, 0, 0, 0, 0, 0, 0, 0, 0, 0, 0, 0, 0, 0, 0, 0, 0, 0, 0, 0, 0, 0, 0, 0, 0, 0, 0, 0, 0, 0, 0, 0, 0, 0, 0, 0, 0, 0, 0, 
    0, 0, 0, 0, 0, 0, 0, 0, 0, 0, 0, 0, 0, 0, 0, 0, 0, 0, 0, 0, 0, 0, 0, 0, 0, 0, 0, 0, 0, 0, 0, 0, 0, 0, 0, 0, 0, 0, 0, 0, 
    0, 0, 0, 0, 0, 0, 0, 0, 0, 0, 0, 0, 0, 0, 0, 0, 0, 0, 0, 0, 0, 0, 0, 0, 0, 0, 0, 0, 0, 0, 0, 0, 0, 0, 0, 0, 0, 0, 0, 0, 
    0, 0, 0, 0, 0, 0, 0, 0, 0, 0, 0, 0, 0, 0, 0, 0, 0, 0, 0, 0, 0, 0, 0, 0, 0, 0, 0, 0, 0, 0, 0, 0, 0, 0, 0, 0, 0, 0, 0, 0, 
    0, 0, 0, 0, 0, 0, 0, 0, 0, 0, 0, 0, 0, 0, 0, 0, 0, 0, 0, 0, 0, 0, 0, 0, 0, 0, 0, 0, 0, 0, 0, 0, 0, 0, 0, 0, 0, 0, 0, 0, 
    0, 0, 0, 0xC03301, 0xC07301, 0xC0B301, 0xC0F301, 0xC13301, 0xC17301, 0xC1B301, 0xC1F301, 0xC23301, 0xC27301, 0xC2B301, 
    0xC2F301, 0xC33301, 0xC37301, 0xC3B301, 0xC3F301, 0xC43301, 0xC47301, 0xC4B301, 0xC4F301, 0xC53301, 0xC57401, 0xC5AE01, 
    0xC5EE01, 0xC62E01, 0xC66E01, 0xC6B401, 0xC6EC01, 0xC72E01, 0xC76E01, 0xC7AE01, 0xC7EE01, 0xC82E01, 0xC86A01, 0xC8AA01, 
    0xC8EE01, 0xC92E01, 0xC96E01, 0xC9AE01, 0xC9EA01, 0xCA2A01, 0xCA6E01, 0xCAAE01, 0xCAEE01, 0xCB2E01, 0xCB6E01, 0xCBAE01, 
    0xCBEE01, 0xCC2E01, 0xCC6E01, 0xCCAE01, 0xCCEE01, 0xCD0101, 0xCD4101, 0xCD8101, 0xCDC101, 0xCE0101, 0xCE6E01, 0xCEAE01, 
    0xCEEE01, 0xCF2E01, 0xCF7301, 0xCFB301, 0xCFF301, 0x420103, 0x430103, 0xD0B301, 0x440103, 0x450203, 0xD17701, 0xD1B301, 
    0xD1EE01, 0xD22E01, 0xD26E01, 0xD2B301, 0xD2F301, 0xD33301, 0xD36E01, 0xD3AE01, 0, 0xD43301, 0xD47301, 0xD4B301, 
    0xD4EE01, 0xD52E01, 0xD56E01, 0xD5AE01, 0xD5F301, 0xD63401, 0xD66E01, 0xD6AE01, 0xD6F301, 0xD73501, 0xD77601, 0xD7B601, 
    0xD7F501, 0xD83601, 0xD87601, 0xD8B501, 0xD8F301, 0xD93301, 0xD97301, 0xD9B301, 0xD9F301, 0xDA3301, 0xDA7301, 0xDAB301, 
    0xDAF301, 0xDB3301, 0xDB7301, 0xDBB301, 0xDBF301, 0, 0, 0, 0, 0xAE4002, 0, 0, 0, 0, 0, 0, 0, 0, 0, 0xEC002, 0, 0, 0, 0, 
    0, 0, 0x30100A8, 0x3010391, 0x2DC002, 0x3010395, 0x3010397, 0x3010399, 0, 0x301039F, 0, 0x30103A5, 0x30103A9, 0x470303, 
    0, 0, 0, 0, 0, 0, 0, 0, 0, 0, 0, 0, 0, 0, 0, 0, 0, 0, 0, 0, 0, 0, 0, 0, 0, 0x3080399, 0x30803A5, 0x30103B1, 0x30103B5, 
    0x30103B7, 0x30103B9, 0x4A0303, 0, 0, 0, 0, 0, 0, 0, 0, 0, 0, 0, 0, 0, 0, 0, 0, 0, 0, 0, 0, 0, 0, 0, 0, 0, 0x30803B9, 
    0x30803C5, 0x30103BF, 0x30103C5, 0x30103C9, 0, 0, 0, 0, 0x30103D2, 0x30803D2, 0, 0, 0, 0, 0, 0, 0, 0, 0, 0, 0, 0, 0, 0, 
    0, 0, 0, 0, 0, 0, 0, 0, 0, 0, 0, 0, 0, 0, 0, 0, 0, 0, 0, 0, 0, 0, 0, 0, 0, 0, 0, 0, 0, 0x3000415, 0x3080415, 0, 
    0x3010413, 0, 0, 0, 0x3080406, 0, 0, 0, 0, 0x301041A, 0x3000418, 0x3060423, 0, 0, 0, 0, 0, 0, 0, 0, 0, 0, 0x3060418, 0, 
    0, 0, 0, 0, 0, 0, 0, 0, 0, 0, 0, 0, 0, 0, 0, 0, 0, 0, 0, 0, 0, 0, 0, 0, 0, 0, 0, 0, 0, 0, 0x3060438, 0, 0, 0, 0, 0, 0, 
    0, 0, 0, 0, 0, 0, 0, 0, 0, 0, 0, 0, 0, 0, 0, 0, 0x3000435, 0x3080435, 0, 0x3010433, 0, 0, 0, 0x3080456, 0, 0, 0, 0, 
    0x301043A, 0x3000438, 0x3060443, 0, 0, 0, 0, 0, 0, 0, 0, 0, 0, 0, 0, 0, 0, 0, 0, 0, 0, 0, 0, 0, 0, 0, 0x30F0474, 
    0x30F0475, 0, 0, 0, 0, 0, 0, 0, 0, 0, 0, 0, 0x120F301, 0x1213301, 0x1217301, 0x121B301, 0x121F301, 0, 0, 0, 0, 0, 0, 0, 
    0, 0, 0, 0, 0, 0, 0, 0, 0, 0, 0, 0, 0, 0, 0, 0, 0, 0, 0, 0, 0, 0, 0, 0, 0, 0, 0, 0, 0, 0, 0, 0, 0, 0, 0, 0, 0, 0, 0, 0, 
    0, 0, 0, 0, 0, 0, 0, 0, 0, 0, 0x3060416, 0x3060436, 0, 0, 0, 0, 0, 0, 0, 0, 0, 0, 0, 0, 0, 0x3060410, 0x3060430, 
    0x3080410, 0x3080430, 0, 0, 0x3060415, 0x3060435, 0, 0, 0x30804D8, 0x30804D9, 0x3080416, 0x3080436, 0x3080417, 
    0x3080437, 0, 0, 0x3040418, 0x3040438, 0x3080418, 0x3080438, 0x308041E, 0x308043E, 0, 0, 0x30804E8, 0x30804E9, 
    0x308042D, 0x308044D, 0x3040423, 0x3040443, 0x3080423, 0x3080443, 0x30B0423, 0x30B0443, 0x3080427, 0x3080447, 0, 0, 
    0x308042B, 0x308044B, 0, 0, 0, 0, 0, 0, 0, 0, 0, 0, 0, 0, 0, 0, 0, 0, 0, 0, 0, 0, 0, 0, 0, 0, 0, 0, 0, 0, 0, 0, 0, 0, 
    0, 0, 0, 0, 0, 0, 0, 0, 0, 0, 0, 0, 0, 0, 0, 0, 0, 0, 0, 0, 0, 0, 0, 0, 0, 0, 0, 0, 0, 0, 0, 0, 0, 0, 0, 0, 0, 0, 0, 0, 
    0, 0, 0, 0, 0, 0, 0, 0, 0, 0, 0, 0, 0, 0, 0, 0, 0, 0, 0, 0, 0, 0, 0, 0, 0, 0, 0, 0, 0, 0, 0, 0, 0, 0, 0, 0, 0, 0, 0, 0, 
    0, 0, 0, 0, 0, 0, 0, 0, 0, 0, 0, 0, 0, 0, 0, 0, 0, 0, 0, 0, 0, 0, 0, 0, 0, 0, 0, 0, 0, 0, 0, 0, 0, 0, 0, 0, 0, 0, 0, 
    0x1646E01, 0x164B301, 0x164F301, 0x1653301, 0x1657301, 0x165AE01, 0x165F301, 0x1663301, 0x1667301, 0x166AF01, 
    0x166EE01, 0x1673301, 0x1677301, 0x167B301, 0x167F301, 0x1683301, 0x1687301, 0x168AE01, 0x168EE01, 0x1692E01, 
    0x1696E01, 0x169AE01, 0x169EE01, 0x16A3301, 0x16A7301, 0x16AAE01, 0x16AF301, 0x16B3301, 0x16B6F01, 0x16BB201, 
    0x16BF301, 0x16C0601, 0x16C4701, 0x16C8801, 0x16CC901, 0x16D0A01, 0x16D4B01, 0x16D8C01, 0x16DCD01, 0x16E0E01, 
    0x16E4F01, 0x16E8F01, 0x16ED001, 0x16F1101, 0x16F5201, 0, 0x16FD301, 0, 0x1705401, 0x1709501, 0, 0x1713301, 0x1716E01, 
    0, 0x171CE01, 0, 0, 0, 0, 0, 0, 0, 0, 0, 0, 0, 0, 0, 0, 0, 0, 0, 0, 0, 0, 0, 0, 0, 0, 0, 0, 0, 0, 0, 0, 0, 0, 0, 0, 0, 
    0, 0, 0, 0, 0, 0, 0, 0, 0, 0, 0, 0, 0, 0, 0, 0, 0, 0, 0, 0, 0, 0, 0, 0, 0, 0, 0, 0, 0, 0, 0, 0, 0, 0, 0, 0, 0, 
    0x1843301, 0x1847301, 0x184B301, 0x184F301, 0x1853301, 0x1857301, 0x185B301, 0x185F301, 0x1861A01, 0x1865B01, 
    0x1869C01, 0, 0, 0, 0, 0, 0, 0, 0x6530627, 0x6540627, 0x6540648, 0x6550627, 0x654064A, 0, 0, 0, 0, 0, 0, 0, 0, 0, 0, 0, 
    0, 0, 0, 0, 0, 0, 0, 0, 0, 0, 0, 0, 0, 0, 0, 0, 0, 0, 0, 0, 0, 0, 0, 0, 0, 0x192D701, 0x1931801, 0x1935901, 0x1939A01, 
    0x193DB01, 0x1941C01, 0x1945D01, 0x1949E01, 0x194F301, 0x1953301, 0x1956E01, 0x195AE01, 0x195F301, 0x1963301, 
    0x1967301, 0x196B301, 0x196F301, 0x1972E01, 0x1977301, 0x197B301, 0x197EE01, 0, 0, 0, 0, 0, 0, 0, 0, 0, 0, 0, 0, 0, 0, 
    0, 0, 0x19C1F01, 0, 0, 0, 0, 0, 0, 0, 0, 0, 0, 0, 0, 0, 0, 0, 0, 0, 0, 0, 0, 0, 0, 0, 0, 0, 0, 0, 0, 0, 0, 0, 0, 0, 0, 
    0, 0, 0, 0, 0, 0, 0, 0, 0, 0, 0, 0, 0, 0, 0, 0, 0, 0, 0, 0, 0, 0, 0, 0, 0, 0, 0, 0, 0, 0, 0, 0, 0, 0, 0, 0, 0, 0, 0, 0, 
    0, 0, 0, 0, 0, 0x65406D5, 0, 0x65406C1, 0, 0, 0, 0, 0, 0, 0, 0, 0, 0, 0, 0, 0, 0, 0, 0, 0x65406D2, 0, 0, 0x1B5B301, 
    0x1B5F301, 0x1B63301, 0x1B67301, 0x1B6B301, 0x1B6F301, 0x1B73301, 0, 0, 0x1B7F301, 0x1B83301, 0x1B87301, 0x1B8B301, 
    0x1B8EE01, 0x1B93301, 0, 0, 0x1B9F301, 0x1BA3301, 0, 0x1BAAE01, 0x1BAF301, 0x1BB3301, 0x1BB6E01, 0, 0, 0, 0, 0, 0, 0, 
    0, 0, 0, 0, 0, 0, 0, 0, 0, 0, 0, 0, 0, 0, 0, 0, 0, 0, 0, 0, 0, 0, 0, 0, 0, 0, 0, 0, 0x1C46001, 0, 0, 0, 0, 0, 0, 0, 0, 
    0, 0, 0, 0, 0, 0, 0, 0, 0, 0, 0, 0, 0, 0, 0, 0, 0, 0, 0, 0, 0, 0, 0x1CC3301, 0x1CC6E01, 0x1CCB301, 0x1CCF301, 
    0x1CD2E01, 0x1CD7301, 0x1CDB301, 0x1CDEE01, 0x1CE2E01, 0x1CE6E01, 0x1CEB301, 0x1CEEE01, 0x1CF2E01, 0x1CF7301, 
    0x1CFAE01, 0x1CFF301, 0x1D03301, 0x1D07301, 0x1D0AE01, 0x1D0F301, 0x1D12E01, 0x1D17301, 0x1D1AE01, 0x1D1F301, 
    0x1D22E01, 0x1D27301, 0x1D2B301, 0, 0, 0, 0, 0, 0, 0, 0, 0, 0, 0, 0, 0, 0, 0, 0, 0, 0, 0, 0, 0, 0, 0, 0, 0, 0, 0, 0, 0, 
    0, 0, 0, 0, 0, 0, 0, 0, 0, 0, 0, 0, 0, 0, 0, 0, 0, 0, 0, 0, 0, 0, 0, 0, 0, 0, 0, 0, 0, 0, 0, 0, 0, 0, 0, 0, 0, 0, 0, 0, 
    0, 0, 0, 0, 0, 0, 0, 0, 0, 0, 0, 0, 0, 0, 0, 0, 0, 0, 0, 0, 0, 0, 0, 0, 0, 0, 0, 0, 0, 0, 0, 0, 0, 0, 0, 0, 0, 0, 0, 0, 
    0, 0, 0, 0, 0, 0, 0, 0, 0, 0, 0, 0, 0, 0, 0, 0, 0, 0, 0, 0, 0, 0, 0, 0, 0, 0, 0, 0, 0, 0, 0, 0, 0, 0, 0, 0, 0, 0, 0, 0, 
    0, 0, 0, 0, 0, 0, 0, 0, 0, 0, 0, 0x1FAF301, 0x1FB3301, 0x1FB7301, 0x1FBB301, 0x1FBF301, 0x1FC3301, 0x1FC7301, 
    0x1FCAE01, 0x1FCF301, 0, 0, 0, 0, 0, 0, 0, 0, 0, 0x1FF6E01, 0, 0, 0, 0, 0, 0, 0, 0, 0, 0, 0, 0, 0, 0, 0, 0, 0, 0, 0, 0, 
    0, 0, 0, 0, 0x205B301, 0x205F301, 0x2063301, 0x2067301, 0, 0x206F301, 0x2073301, 0x2077301, 0x207B301, 0x207F301, 
    0x2083301, 0x2087301, 0x208B301, 0x208F301, 0, 0x2097301, 0x209B301, 0x209F301, 0, 0x20A7301, 0x20AB301, 0x20AF301, 
    0x20B3301, 0x20B7301, 0, 0, 0, 0, 0, 0, 0, 0, 0, 0, 0, 0, 0, 0, 0, 0, 0, 0, 0, 0, 0, 0, 0, 0, 0, 0, 0, 0, 0, 0, 0, 0, 
    0, 0, 0, 0, 0, 0, 0, 0, 0, 0, 0, 0x2166E01, 0x216AE01, 0x216EE01, 0, 0, 0, 0, 0, 0, 0, 0, 0, 0, 0, 0, 0, 0, 0, 0, 0, 0, 
    0, 0, 0, 0, 0, 0, 0, 0, 0, 0, 0, 0, 0, 0, 0, 0, 0, 0, 0, 0, 0, 0, 0, 0, 0, 0, 0, 0, 0, 0, 0, 0, 0, 0, 0, 0, 0, 0, 0, 0, 
    0, 0, 0x2263301, 0x2266E01, 0x226AE01, 0x226EE01, 0x2273301, 0x2277301, 0x227B301, 0x227F301, 0, 0, 0, 0, 0, 0, 0, 0, 
    0, 0, 0, 0, 0, 0, 0, 0, 0, 0, 0, 0, 0, 0, 0, 0, 0, 0, 0, 0, 0, 0, 0, 0, 0, 0, 0, 0, 0, 0, 0, 0, 0, 0, 0x232B301, 
    0x232F301, 0x2333301, 0x2337301, 0x233B301, 0x233EE01, 0x2342E01, 0x2346E01, 0x234AE01, 0x234EE01, 0x2353301, 
    0x2357301, 0x235B301, 0x235F301, 0x2363301, 0x2367301, 0x236B301, 0x236F301, 0x2373301, 0x2377301, 0x237B301, 
    0x237F301, 0x2383301, 0x2387301, 0, 0x238EE01, 0x2393301, 0x2397301, 0x239AE01, 0x239F301, 0x23A3301, 0x23A6E01, 
    0x23AB301, 0x23AF301, 0x23B3301, 0x23B6E01, 0x23BAE01, 0x23BEE01, 0x23C1701, 0x23C5801, 0x23C9901, 0x23CF301, 
    0x23D3301, 0x23D7301, 0x23DAE01, 0x23DF301, 0x23E3301, 0x23E6E01, 0x23EAE01, 0x23EF301, 0x23F3301, 0x23F7301, 
    0x23FB301, 0x23FF301, 0, 0, 0, 0, 0, 0, 0, 0, 0, 0, 0, 0, 0, 0, 0, 0, 0, 0, 0, 0, 0, 0, 0, 0, 0, 0, 0, 0, 0, 0, 0, 0, 
    0, 0, 0, 0, 0, 0, 0, 0, 0, 0x93C0928, 0, 0, 0, 0, 0, 0, 0, 0x93C0930, 0, 0, 0x93C0933, 0, 0, 0, 0, 0, 0, 0, 0x24F0301, 
    0, 0, 0, 0, 0, 0, 0, 0, 0, 0, 0, 0, 0, 0, 0, 0, 0x2534501, 0, 0, 0, 0x2547301, 0x254AE01, 0x254F301, 0x2553301, 0, 0, 
    0, 0x93C0915, 0x93C0916, 0x93C0917, 0x93C091C, 0x93C0921, 0x93C0922, 0x93C092B, 0x93C092F, 0, 0, 0, 0, 0, 0, 0, 0, 0, 
    0, 0, 0, 0, 0, 0, 0, 0, 0, 0, 0, 0, 0, 0, 0, 0, 0, 0, 0, 0, 0, 0, 0, 0, 0, 0, 0, 0, 0, 0, 0, 0, 0, 0, 0, 0, 0, 0, 0, 0, 
    0, 0, 0, 0, 0, 0, 0, 0, 0, 0, 0, 0, 0, 0, 0, 0, 0, 0, 0, 0, 0, 0, 0, 0, 0, 0, 0, 0, 0, 0, 0, 0, 0, 0, 0, 0, 0, 0, 0, 0, 
    0, 0, 0, 0x26F0301, 0, 0, 0, 0, 0, 0, 0, 0, 0, 0, 0, 0, 0, 0, 0x9BE09C7, 0x9D709C7, 0x2734501, 0, 0, 0, 0, 0, 0, 0, 0, 
    0, 0, 0, 0, 0, 0, 0x9BC09A1, 0x9BC09A2, 0, 0x9BC09AF, 0, 0, 0, 0, 0, 0, 0, 0, 0, 0, 0, 0, 0, 0, 0, 0, 0, 0, 0, 0, 0, 0, 
    0, 0, 0, 0, 0, 0, 0, 0, 0x27FB301, 0, 0, 0, 0, 0, 0, 0, 0, 0, 0, 0, 0, 0, 0, 0, 0, 0, 0, 0, 0, 0, 0, 0, 0, 0, 0, 0, 0, 
    0, 0, 0, 0, 0, 0, 0, 0, 0, 0, 0, 0, 0, 0, 0, 0, 0, 0, 0, 0, 0, 0, 0, 0, 0xA3C0A32, 0, 0, 0xA3C0A38, 0, 0, 0, 0, 0, 
    0x28F0301, 0, 0, 0, 0, 0, 0, 0, 0, 0, 0, 0, 0, 0, 0, 0, 0, 0x2934501, 0, 0, 0, 0, 0, 0, 0, 0, 0, 0, 0, 0xA3C0A16, 
    0xA3C0A17, 0xA3C0A1C, 0, 0, 0xA3C0A2B, 0, 0, 0, 0, 0, 0, 0, 0, 0, 0, 0, 0, 0, 0, 0, 0, 0, 0, 0, 0, 0, 0, 0, 0, 0, 0, 0, 
    0, 0, 0, 0, 0, 0, 0, 0, 0, 0, 0, 0, 0, 0, 0, 0, 0, 0, 0, 0, 0, 0, 0, 0, 0, 0, 0, 0, 0, 0, 0, 0, 0, 0, 0, 0, 0, 0, 0, 0, 
    0, 0, 0, 0, 0, 0, 0, 0, 0, 0, 0, 0, 0, 0, 0, 0, 0, 0, 0, 0, 0, 0, 0, 0, 0, 0, 0x2AF0301, 0, 0, 0, 0, 0, 0, 0, 0, 0, 0, 
    0, 0, 0, 0, 0, 0, 0x2B34501, 0, 0, 0, 0, 0, 0, 0, 0, 0, 0, 0, 0, 0, 0, 0, 0, 0, 0, 0, 0, 0, 0, 0, 0, 0, 0, 0, 0, 0, 0, 
    0, 0, 0, 0, 0, 0, 0, 0, 0, 0, 0, 0, 0, 0, 0, 0, 0, 0, 0, 0, 0, 0, 0, 0, 0, 0, 0, 0, 0, 0, 0, 0, 0, 0, 0, 0, 0, 0, 0, 0, 
    0, 0, 0, 0, 0, 0, 0, 0, 0, 0, 0, 0, 0, 0, 0, 0, 0, 0, 0, 0, 0, 0, 0, 0, 0, 0, 0, 0, 0, 0, 0, 0, 0, 0, 0, 0, 0, 0, 0, 0, 
    0x2CF0301, 0, 0, 0, 0, 0, 0, 0, 0, 0, 0, 0, 0xB560B47, 0, 0, 0xB3E0B47, 0xB570B47, 0x2D34501, 0, 0, 0, 0, 0, 0, 0, 0, 
    0, 0, 0, 0, 0, 0, 0xB3C0B21, 0xB3C0B22, 0, 0, 0, 0, 0, 0, 0, 0, 0, 0, 0, 0, 0, 0, 0, 0, 0, 0, 0, 0, 0, 0, 0, 0, 0, 0, 
    0, 0, 0, 0, 0, 0, 0, 0, 0, 0, 0, 0, 0, 0, 0, 0, 0, 0, 0, 0, 0, 0, 0, 0, 0, 0, 0, 0, 0xBD70B92, 0, 0, 0, 0, 0, 0, 0, 0, 
    0, 0, 0, 0, 0, 0, 0, 0, 0, 0, 0, 0, 0, 0, 0, 0, 0, 0, 0, 0, 0, 0, 0, 0, 0, 0, 0, 0, 0, 0, 0, 0, 0, 0, 0, 0, 0, 0, 0, 0, 
    0, 0, 0, 0, 0, 0xBBE0BC6, 0xBBE0BC7, 0xBD70BC6, 0x2F34501, 0, 0, 0, 0, 0, 0, 0, 0, 0, 0, 0, 0, 0, 0, 0, 0, 0, 0, 0, 0, 
    0, 0, 0, 0, 0, 0, 0, 0, 0, 0, 0, 0, 0, 0, 0, 0, 0, 0, 0, 0, 0, 0, 0, 0, 0, 0, 0, 0, 0, 0, 0, 0, 0, 0, 0, 0, 0, 0, 0, 0, 
    0, 0, 0, 0, 0, 0, 0, 0, 0, 0, 0, 0, 0, 0, 0, 0, 0, 0, 0, 0, 0, 0, 0, 0, 0, 0, 0, 0, 0, 0, 0, 0, 0, 0, 0, 0, 0, 0, 0, 0, 
    0, 0, 0, 0, 0, 0, 0, 0, 0, 0, 0x30F0301, 0, 0, 0, 0, 0, 0, 0, 0, 0, 0, 0, 0xC560C46, 0, 0, 0, 0, 0x3134501, 0, 0, 0, 0, 
    0, 0, 0, 0x3156101, 0x315A201, 0, 0, 0, 0, 0, 0, 0, 0, 0, 0, 0, 0, 0, 0, 0, 0, 0, 0, 0, 0, 0, 0, 0, 0, 0, 0, 0, 0, 0, 
    0, 0, 0, 0, 0, 0, 0, 0, 0, 0, 0, 0, 0, 0, 0, 0, 0, 0, 0, 0, 0, 0, 0, 0, 0, 0, 0, 0, 0, 0, 0, 0, 0, 0, 0, 0, 0, 0, 0, 0, 
    0, 0, 0, 0, 0, 0, 0, 0, 0, 0, 0, 0, 0, 0, 0, 0, 0, 0, 0, 0, 0, 0, 0, 0, 0, 0, 0, 0, 0, 0, 0, 0, 0x32F0301, 0, 0, 0, 
    0xCD50CBF, 0, 0, 0, 0, 0, 0, 0xCD50CC6, 0xCD60CC6, 0, 0xCC20CC6, 0x4D0303, 0, 0x3334501, 0, 0, 0, 0, 0, 0, 0, 0, 0, 0, 
    0, 0, 0, 0, 0, 0, 0, 0, 0, 0, 0, 0, 0, 0, 0, 0, 0, 0, 0, 0, 0, 0, 0, 0, 0, 0, 0, 0, 0, 0, 0, 0, 0, 0, 0, 0, 0, 0, 0, 0, 
    0, 0, 0, 0, 0, 0, 0, 0, 0, 0, 0, 0, 0, 0, 0, 0, 0, 0, 0, 0, 0, 0, 0, 0, 0, 0, 0, 0, 0, 0, 0, 0, 0, 0, 0, 0, 0, 0, 0, 0, 
    0, 0, 0, 0, 0, 0, 0, 0, 0, 0, 0, 0, 0, 0, 0, 0, 0, 0, 0, 0x34EC501, 0x34F0501, 0, 0, 0, 0, 0, 0, 0, 0, 0, 0, 0, 0, 0, 
    0xD3E0D46, 0xD3E0D47, 0xD570D46, 0x3534501, 0, 0, 0, 0, 0, 0, 0, 0, 0, 0, 0, 0, 0, 0, 0, 0, 0, 0, 0, 0, 0, 0, 0, 0, 0, 
    0, 0, 0, 0, 0, 0, 0, 0, 0, 0, 0, 0, 0, 0, 0, 0, 0, 0, 0, 0, 0, 0, 0, 0, 0, 0, 0, 0, 0, 0, 0, 0, 0, 0, 0, 0, 0, 0, 0, 0, 
    0, 0, 0, 0, 0, 0, 0, 0, 0, 0, 0, 0, 0, 0, 0, 0, 0, 0, 0, 0, 0, 0, 0, 0, 0, 0, 0, 0, 0, 0, 0, 0, 0, 0, 0, 0, 0, 0, 0, 0, 
    0, 0, 0, 0, 0, 0, 0, 0, 0, 0, 0, 0, 0, 0, 0, 0, 0, 0, 0, 0x3728501, 0, 0, 0, 0, 0, 0, 0, 0, 0, 0, 0, 0, 0, 0, 0, 
    0xDCA0DD9, 0, 0xDCF0DD9, 0x500303, 0xDDF0DD9, 0, 0, 0, 0, 0, 0, 0, 0, 0, 0, 0, 0, 0, 0, 0, 0, 0, 0, 0, 0, 0, 0, 0, 0, 
    0, 0, 0, 0, 0, 0, 0, 0, 0, 0, 0, 0, 0, 0, 0, 0, 0, 0, 0, 0, 0, 0, 0, 0, 0, 0, 0, 0, 0, 0, 0, 0, 0, 0, 0, 0, 0, 0, 0, 0, 
    0, 0, 0, 0, 0, 0, 0, 0, 0, 0, 0, 0, 0, 0, 0, 0, 0, 0, 0, 0, 0, 0, 0, 0, 0, 0x38E2301, 0x38E6301, 0x38E8501, 0, 0, 0, 0, 
    0, 0, 0, 0, 0, 0, 0, 0, 0, 0x3922401, 0x3926401, 0x392A401, 0x392E401, 0, 0, 0, 0, 0, 0, 0, 0, 0, 0, 0, 0, 0, 0, 0, 0, 
    0, 0, 0, 0, 0, 0, 0, 0, 0, 0, 0, 0, 0, 0, 0, 0, 0, 0, 0, 0, 0, 0, 0, 0, 0, 0, 0, 0, 0, 0, 0, 0, 0, 0, 0, 0, 0, 0, 0, 0, 
    0, 0, 0, 0, 0, 0, 0, 0, 0, 0, 0, 0, 0, 0, 0, 0, 0, 0, 0, 0, 0, 0, 0, 0, 0, 0, 0, 0, 0, 0, 0, 0, 0, 0, 0, 0, 0, 0, 0, 0, 
    0, 0, 0, 0, 0, 0, 0, 0, 0, 0, 0, 0, 0x3AE2501, 0x3AE6501, 0x3AE8501, 0, 0, 0, 0, 0, 0, 0, 0, 0, 0, 0, 0, 0, 0x3B22601, 
    0x3B26601, 0x3B2A601, 0x3B2E601, 0, 0, 0, 0, 0, 0, 0, 0, 0, 0, 0, 0, 0, 0, 0, 0, 0, 0, 0, 0, 0, 0, 0, 0, 0, 0, 0, 0, 0, 
    0, 0, 0, 0, 0, 0, 0, 0, 0, 0, 0, 0, 0, 0, 0, 0, 0, 0, 0, 0, 0, 0, 0, 0, 0, 0, 0, 0, 0, 0, 0, 0, 0, 0, 0, 0, 0, 0, 0, 0, 
    0, 0, 0, 0, 0, 0, 0, 0x3C62E01, 0x3C66E01, 0, 0, 0, 0, 0, 0, 0, 0, 0, 0, 0, 0, 0, 0, 0, 0, 0, 0, 0, 0, 0, 0, 0, 0, 0, 
    0, 0, 0x3CD6E01, 0, 0x3CDEE01, 0, 0x3CE6C01, 0, 0, 0, 0, 0, 0, 0, 0, 0, 0xFB70F42, 0, 0, 0, 0, 0, 0, 0, 0, 0, 
    0xFB70F4C, 0, 0, 0, 0, 0xFB70F51, 0, 0, 0, 0, 0xFB70F56, 0, 0, 0, 0, 0xFB70F5B, 0, 0, 0, 0, 0, 0, 0, 0, 0, 0, 0, 0, 
    0xFB50F40, 0, 0, 0, 0, 0, 0, 0, 0x3DC6701, 0x3DCA801, 0x530203, 0x3DD2901, 0x550203, 0xF800FB2, 0, 0xF800FB3, 0, 
    0x3DEA801, 0x3DEE801, 0x3DF2801, 0x3DF6801, 0, 0, 0x3E02801, 0x570203, 0x3E0B301, 0x3E0F301, 0x3E10501, 0, 0x3E1B301, 
    0x3E1F301, 0, 0, 0, 0, 0, 0, 0, 0, 0, 0, 0, 0xFB70F92, 0, 0, 0, 0, 0, 0, 0, 0, 0, 0xFB70F9C, 0, 0, 0, 0, 0xFB70FA1, 0, 
    0, 0, 0, 0xFB70FA6, 0, 0, 0, 0, 0xFB70FAB, 0, 0, 0, 0, 0, 0, 0, 0, 0, 0, 0, 0, 0xFB50F90, 0, 0, 0, 0, 0, 0, 0, 0, 0, 0, 
    0, 0, 0x3F1AE01, 0, 0, 0, 0, 0, 0, 0, 0, 0, 0, 0, 0, 0, 0, 0, 0, 0, 0, 0, 0, 0, 0, 0, 0, 0, 0, 0, 0, 0, 0, 0, 0, 0, 0, 
    0, 0, 0, 0, 0, 0, 0, 0, 0, 0, 0, 0, 0, 0, 0, 0, 0, 0, 0, 0, 0, 0, 0, 0, 0, 0, 0, 0, 0, 0, 0, 0, 0, 0, 0, 0, 0, 0, 0, 0, 
    0, 0, 0, 0, 0, 0, 0, 0, 0, 0, 0, 0, 0, 0, 0, 0, 0, 0, 0, 0, 0, 0x102E1025, 0, 0, 0, 0, 0, 0, 0, 0, 0, 0, 0, 0, 0, 0, 0, 
    0, 0x40DC301, 0, 0x40E4501, 0x40E8501, 0, 0, 0, 0, 0, 0, 0, 0, 0, 0, 0, 0, 0, 0, 0, 0, 0, 0, 0, 0, 0, 0, 0, 0, 0, 0, 0, 
    0, 0, 0, 0, 0, 0, 0, 0, 0, 0, 0, 0, 0, 0, 0, 0, 0, 0, 0, 0, 0, 0, 0, 0, 0, 0, 0, 0, 0, 0, 0, 0, 0, 0, 0, 0, 0, 0, 0, 0, 
    0, 0, 0, 0, 0, 0, 0, 0, 0, 0, 0, 0, 0, 0, 0, 0x4236E01, 0, 0, 0, 0, 0, 0, 0, 0, 0, 0, 0, 0, 0, 0, 0, 0, 0, 0, 0, 0, 0, 
    0, 0, 0, 0, 0, 0, 0, 0, 0, 0, 0, 0, 0, 0, 0, 0, 0, 0, 0, 0, 0, 0, 0, 0, 0, 0, 0, 0, 0, 0, 0, 0, 0, 0, 0, 0, 0, 0, 0, 0, 
    0, 0, 0, 0, 0, 0, 0, 0, 0, 0, 0, 0, 0, 0, 0, 0, 0, 0, 0, 0, 0, 0, 0, 0, 0, 0, 0, 0, 0, 0, 0, 0, 0, 0, 0, 0, 0, 0, 0, 0, 
    0, 0, 0, 0, 0, 0, 0, 0, 0, 0, 0, 0, 0, 0, 0, 0, 0, 0, 0, 0, 0, 0, 0, 0, 0, 0, 0, 0, 0, 0, 0, 0, 0, 0, 0, 0, 0, 0, 0, 0, 
    0, 0, 0, 0, 0, 0, 0, 0, 0, 0, 0, 0, 0, 0, 0, 0, 0, 0, 0, 0, 0, 0, 0, 0, 0, 0, 0, 0, 0, 0, 0, 0, 0, 0, 0, 0, 0, 0, 0, 0, 
    0, 0, 0, 0, 0, 0, 0, 0, 0, 0, 0, 0, 0, 0, 0, 0, 0, 0, 0, 0, 0, 0, 0, 0, 0, 0, 0x4D77301, 0x4D7B301, 0x4D7F301, 0, 0, 0, 
    0, 0, 0, 0, 0, 0, 0, 0, 0, 0, 0, 0, 0, 0, 0, 0, 0, 0, 0, 0, 0, 0, 0, 0, 0, 0, 0, 0, 0, 0, 0, 0, 0, 0, 0, 0, 0, 0, 0, 0, 
    0, 0, 0, 0, 0, 0, 0, 0, 0, 0x5C50501, 0x5C54501, 0, 0, 0, 0, 0, 0, 0, 0, 0, 0, 0, 0, 0, 0, 0, 0, 0, 0, 0, 0, 0, 0, 0, 
    0, 0, 0, 0, 0, 0, 0, 0x5CD0501, 0, 0, 0, 0, 0, 0, 0, 0, 0, 0, 0, 0, 0, 0, 0, 0, 0, 0, 0, 0, 0, 0, 0, 0, 0, 0, 0, 0, 0, 
    0, 0, 0, 0, 0, 0, 0, 0, 0, 0, 0, 0, 0, 0, 0, 0, 0, 0, 0, 0, 0, 0, 0, 0, 0, 0, 0, 0, 0, 0, 0, 0, 0, 0, 0, 0, 0, 0, 0, 0, 
    0, 0, 0, 0, 0, 0, 0, 0, 0, 0, 0, 0, 0, 0, 0, 0, 0, 0, 0, 0, 0, 0, 0, 0, 0, 0, 0, 0, 0, 0, 0, 0, 0, 0, 0, 0, 0, 0, 0, 0, 
    0, 0, 0, 0, 0, 0, 0, 0, 0, 0, 0, 0, 0, 0, 0, 0, 0, 0, 0, 0, 0, 0, 0, 0, 0, 0, 0, 0, 0, 0, 0, 0, 0, 0, 0, 0, 0, 0, 0, 0, 
    0, 0, 0, 0, 0, 0, 0, 0, 0x5F48501, 0, 0, 0, 0, 0, 0, 0, 0, 0, 0, 0x5F77301, 0, 0, 0, 0, 0, 0, 0, 0, 0, 0, 0, 0, 0, 0, 
    0, 0, 0, 0, 0, 0, 0, 0, 0, 0, 0, 0, 0, 0, 0, 0, 0, 0, 0, 0, 0, 0, 0, 0, 0, 0, 0, 0, 0, 0, 0, 0, 0, 0, 0, 0, 0, 0, 0, 0, 
    0, 0, 0, 0, 0, 0, 0, 0, 0, 0, 0, 0, 0, 0, 0, 0, 0, 0, 0, 0, 0, 0x62A7201, 0, 0, 0, 0, 0, 0, 0, 0, 0, 0, 0, 0, 0, 0, 0, 
    0, 0, 0, 0, 0, 0, 0, 0, 0, 0, 0, 0, 0, 0, 0, 0, 0, 0, 0, 0, 0, 0, 0, 0, 0, 0, 0, 0, 0, 0, 0, 0, 0, 0, 0, 0, 0, 0, 0, 0, 
    0, 0, 0, 0, 0, 0, 0, 0, 0, 0, 0, 0, 0, 0, 0, 0, 0, 0, 0, 0, 0, 0, 0, 0, 0, 0, 0, 0, 0, 0, 0, 0, 0, 0, 0, 0, 0, 0, 0, 0, 
    0, 0, 0, 0, 0, 0, 0, 0, 0, 0, 0, 0, 0, 0, 0, 0, 0, 0, 0, 0, 0, 0, 0, 0, 0, 0, 0, 0, 0, 0, 0, 0, 0, 0, 0, 0, 0, 0, 0, 0, 
    0, 0, 0, 0, 0, 0, 0, 0, 0x64E6F01, 0x64EB301, 0x64EEE01, 0, 0, 0, 0, 0, 0, 0, 0, 0, 0, 0, 0, 0, 0, 0, 0, 0, 0, 0, 0, 0, 
    0, 0, 0, 0, 0, 0, 0, 0, 0, 0, 0, 0, 0, 0, 0, 0, 0, 0, 0, 0, 0, 0, 0, 0, 0, 0, 0, 0, 0, 0, 0, 0, 0, 0, 0, 0, 0, 0, 0, 0, 
    0, 0, 0, 0, 0, 0, 0, 0, 0, 0, 0, 0, 0, 0, 0, 0, 0, 0, 0, 0, 0, 0, 0, 0, 0, 0, 0, 0, 0, 0, 0x685F301, 0x6862E01, 0, 0, 
    0, 0, 0, 0, 0, 0, 0, 0, 0, 0, 0, 0, 0, 0, 0, 0, 0, 0, 0, 0, 0, 0, 0, 0, 0, 0, 0, 0, 0, 0, 0, 0, 0, 0, 0, 0, 0, 0, 0, 0, 
    0, 0, 0, 0, 0, 0, 0, 0, 0, 0, 0, 0, 0, 0, 0, 0, 0, 0, 0, 0, 0, 0, 0, 0, 0, 0, 0, 0, 0, 0x6980501, 0, 0, 0, 0, 0, 0, 0, 
    0, 0, 0, 0, 0, 0, 0, 0, 0, 0, 0, 0, 0, 0x69D7301, 0x69DB301, 0x69DF301, 0x69E3301, 0x69E7301, 0x69EB301, 0x69EF301, 
    0x69F3301, 0, 0, 0x69FEE01, 0, 0, 0, 0, 0, 0, 0, 0, 0, 0, 0, 0, 0, 0, 0, 0, 0, 0, 0, 0, 0, 0, 0, 0, 0, 0, 0, 0, 0, 0, 
    0, 0, 0, 0, 0, 0, 0, 0, 0, 0, 0, 0, 0, 0, 0, 0, 0, 0, 0x6AC3301, 0x6AC7301, 0x6ACB301, 0x6ACF301, 0x6AD3301, 0x6AD6E01, 
    0x6ADAE01, 0x6ADEE01, 0x6AE2E01, 0x6AE6E01, 0x6AEAE01, 0x6AEF301, 0x6AF3301, 0x6AF6E01, 0, 0x6AFEE01, 0x6B02E01, 
    0x6B07301, 0x6B0B301, 0x6B0EE01, 0x6B12E01, 0x6B17301, 0x6B1B301, 0x6B1F301, 0x6B23301, 0x6B27301, 0x6B2AE01, 
    0x6B2F301, 0x6B33301, 0x6B37301, 0x6B3B301, 0, 0, 0, 0, 0, 0, 0, 0, 0, 0, 0, 0, 0, 0, 0, 0, 0, 0, 0, 0, 0, 0, 0, 0, 0, 
    0, 0, 0, 0, 0, 0, 0, 0, 0, 0, 0, 0, 0, 0, 0, 0, 0, 0, 0, 0, 0, 0, 0, 0, 0, 0, 0, 0, 0, 0, 0x1B351B05, 0, 0x1B351B07, 0, 
    0x1B351B09, 0, 0x1B351B0B, 0, 0x1B351B0D, 0, 0, 0, 0x1B351B11, 0, 0, 0, 0, 0, 0, 0, 0, 0, 0, 0, 0, 0, 0, 0, 0, 0, 0, 0, 
    0, 0, 0, 0, 0, 0, 0, 0, 0, 0, 0, 0, 0, 0, 0x6CD0301, 0, 0, 0, 0, 0, 0, 0x1B351B3A, 0, 0x1B351B3C, 0, 0, 0x1B351B3E, 
    0x1B351B3F, 0, 0x1B351B42, 0x6D10501, 0, 0, 0, 0, 0, 0, 0, 0, 0, 0, 0, 0, 0, 0, 0, 0, 0, 0, 0, 0, 0, 0, 0, 0, 0, 0, 0, 
    0, 0, 0, 0, 0, 0, 0, 0, 0, 0, 0, 0x6DAF301, 0x6DB2E01, 0x6DB7301, 0x6DBB301, 0x6DBF301, 0x6DC3301, 0x6DC7301, 
    0x6DCB301, 0x6DCF301, 0, 0, 0, 0, 0, 0, 0, 0, 0, 0, 0, 0, 0, 0, 0, 0, 0, 0, 0, 0, 0, 0, 0, 0, 0, 0, 0, 0, 0, 0, 0, 0, 
    0, 0, 0, 0, 0, 0, 0, 0, 0, 0, 0, 0, 0, 0, 0, 0, 0, 0, 0, 0, 0, 0, 0x6EA8501, 0x6EAC501, 0, 0, 0, 0, 0, 0, 0, 0, 0, 0, 
    0, 0, 0, 0, 0, 0, 0, 0, 0, 0, 0, 0, 0, 0, 0, 0, 0, 0, 0, 0, 0, 0, 0, 0, 0, 0, 0, 0, 0, 0, 0, 0, 0, 0, 0, 0, 0, 0, 0, 0, 
    0, 0, 0, 0, 0, 0, 0, 0, 0x6F98301, 0, 0, 0, 0, 0, 0, 0, 0, 0, 0, 0, 0x6FC8501, 0x6FCC501, 0, 0, 0, 0, 0, 0, 0, 0, 0, 0, 
    0, 0, 0, 0, 0, 0, 0, 0, 0, 0, 0, 0, 0, 0, 0, 0, 0, 0, 0, 0, 0, 0, 0, 0, 0, 0, 0, 0, 0, 0, 0, 0, 0, 0, 0, 0, 0, 0, 0, 0, 
    0, 0, 0, 0, 0, 0, 0, 0, 0, 0, 0, 0, 0, 0, 0, 0, 0, 0x70DC301, 0, 0, 0, 0, 0, 0, 0, 0, 0, 0, 0, 0, 0, 0, 0, 0, 0, 0, 0, 
    0, 0, 0, 0, 0, 0, 0, 0, 0, 0, 0, 0, 0, 0, 0, 0, 0, 0, 0, 0, 0, 0, 0, 0, 0, 0, 0, 0, 0, 0, 0, 0, 0, 0, 0, 0, 0, 0, 0, 0, 
    0, 0, 0, 0, 0, 0, 0, 0, 0, 0, 0, 0, 0, 0, 0, 0, 0, 0, 0, 0, 0, 0, 0, 0, 0, 0, 0, 0, 0, 0, 0, 0, 0, 0, 0, 0, 0, 0, 0, 0, 
    0, 0, 0, 0, 0, 0, 0, 0, 0, 0, 0, 0, 0, 0, 0, 0, 0, 0, 0, 0, 0, 0, 0, 0, 0, 0, 0, 0, 0, 0, 0, 0, 0, 0, 0, 0, 0, 0, 0, 0, 
    0, 0, 0, 0, 0, 0, 0, 0, 0, 0, 0, 0, 0, 0x7343301, 0x7347301, 0x734B301, 0, 0x7350101, 0x7356E01, 0x735AE01, 0x735EE01, 
    0x7362E01, 0x7366E01, 0x736B301, 0x736F301, 0x7372E01, 0x7376E01, 0x737AE01, 0x737EE01, 0x7383301, 0, 0x7388101, 
    0x738C101, 0x7390101, 0x7394101, 0x7398101, 0x739C101, 0x73A0101, 0, 0, 0, 0, 0x73B6E01, 0, 0, 0, 0, 0, 0, 0x73D3301, 
    0, 0, 0, 0x73E3301, 0x73E7301, 0, 0, 0, 0, 0, 0, 0, 0, 0, 0, 0, 0, 0, 0, 0, 0, 0, 0, 0, 0, 0, 0, 0, 0, 0, 0, 0, 0, 0, 
    0, 0, 0, 0, 0, 0, 0, 0, 0, 0, 0, 0, 0, 0, 0, 0, 0, 0, 0, 0, 0, 0, 0, 0, 0, 0, 0, 0, 0, 0, 0, 0, 0, 0, 0, 0, 0, 0, 0, 0, 
    0, 0x7703301, 0x7707301, 0x770AE01, 0x770F301, 0x7713301, 0x7717301, 0x771B301, 0x771F301, 0x7723301, 0x7727301, 
    0x772AE01, 0x772F301, 0x7733301, 0x7737601, 0x773AB01, 0x773EE01, 0x7742A01, 0x7747301, 0x774B301, 0x774F301, 
    0x7753301, 0x7757301, 0x775B301, 0x775F301, 0x7763301, 0x7767301, 0x776B301, 0x776F301, 0x7773301, 0x7777301, 
    0x777B301, 0x777F301, 0x7783301, 0x7787301, 0x778B301, 0x778F301, 0x7793301, 0x7797301, 0x779B301, 0x779F301, 
    0x77A3301, 0x77A7301, 0x77AB301, 0x77AF301, 0x77B3301, 0x77B7301, 0x77BB301, 0x77BF301, 0x77C3301, 0x77C7301, 
    0x77CB301, 0x77CF301, 0x77D3301, 0x77D7301, 0x77DB401, 0x77DF201, 0x77E3201, 0x77E6E01, 0x77EAD01, 0x77EF301, 
    0x77F3501, 0x77F6E01, 0x77FB301, 0x77FEE01, 0x3250041, 0x3250061, 0x3070042, 0x3070062, 0x3230042, 0x3230062, 
    0x3310042, 0x3310062, 0x590303, 0x5C0303, 0x3070044, 0x3070064, 0x3230044, 0x3230064, 0x3310044, 0x3310064, 0x3270044, 
    0x3270064, 0x32D0044, 0x32D0064, 0x5F0303, 0x620303, 0x650303, 0x680303, 0x32D0045, 0x32D0065, 0x3300045, 0x3300065, 
    0x6B0303, 0x6E0303, 0x3070046, 0x3070066, 0x3040047, 0x3040067, 0x3070048, 0x3070068, 0x3230048, 0x3230068, 0x3080048, 
    0x3080068, 0x3270048, 0x3270068, 0x32E0048, 0x32E0068, 0x3300049, 0x3300069, 0x710303, 0x740303, 0x301004B, 0x301006B, 
    0x323004B, 0x323006B, 0x331004B, 0x331006B, 0x323004C, 0x323006C, 0x770303, 0x7A0303, 0x331004C, 0x331006C, 0x32D004C, 
    0x32D006C, 0x301004D, 0x301006D, 0x307004D, 0x307006D, 0x323004D, 0x323006D, 0x307004E, 0x307006E, 0x323004E, 
    0x323006E, 0x331004E, 0x331006E, 0x32D004E, 0x32D006E, 0x7D0303, 0x800303, 0x830303, 0x860303, 0x890303, 0x8C0303, 
    0x8F0303, 0x920303, 0x3010050, 0x3010070, 0x3070050, 0x3070070, 0x3070052, 0x3070072, 0x3230052, 0x3230072, 0x950303, 
    0x980303, 0x3310052, 0x3310072, 0x3070053, 0x3070073, 0x3230053, 0x3230073, 0x9B0303, 0x9E0303, 0xA10303, 0xA40303, 
    0xA70303, 0xAA0303, 0x3070054, 0x3070074, 0x3230054, 0x3230074, 0x3310054, 0x3310074, 0x32D0054, 0x32D0074, 0x3240055, 
    0x3240075, 0x3300055, 0x3300075, 0x32D0055, 0x32D0075, 0xAD0303, 0xB00303, 0xB30303, 0xB60303, 0x3030056, 0x3030076, 
    0x3230056, 0x3230076, 0x3000057, 0x3000077, 0x3010057, 0x3010077, 0x3080057, 0x3080077, 0x3070057, 0x3070077, 
    0x3230057, 0x3230077, 0x3070058, 0x3070078, 0x3080058, 0x3080078, 0x3070059, 0x3070079, 0x302005A, 0x302007A, 
    0x323005A, 0x323007A, 0x331005A, 0x331007A, 0x3310068, 0x3080074, 0x30A0077, 0x30A0079, 0, 0x307017F, 0, 0, 0, 0, 
    0x3230041, 0x3230061, 0x3090041, 0x3090061, 0xB90303, 0xBC0303, 0xBF0303, 0xC20303, 0xC50303, 0xC80303, 0xCB0303, 
    0xCE0303, 0xD10303, 0xD40303, 0xD70303, 0xDA0303, 0xDD0303, 0xE00303, 0xE30303, 0xE60303, 0xE90303, 0xEC0303, 0xEF0303, 
    0xF20303, 0x3230045, 0x3230065, 0x3090045, 0x3090065, 0x3030045, 0x3030065, 0xF50303, 0xF80303, 0xFB0303, 0xFE0303, 
    0x1010303, 0x1040303, 0x1070303, 0x10A0303, 0x10D0303, 0x1100303, 0x3090049, 0x3090069, 0x3230049, 0x3230069, 
    0x323004F, 0x323006F, 0x309004F, 0x309006F, 0x1130303, 0x1160303, 0x1190303, 0x11C0303, 0x11F0303, 0x1220303, 
    0x1250303, 0x1280303, 0x12B0303, 0x12E0303, 0x1310303, 0x1340303, 0x1370303, 0x13A0303, 0x13D0303, 0x1400303, 
    0x1430303, 0x1460303, 0x1490303, 0x14C0303, 0x3230055, 0x3230075, 0x3090055, 0x3090075, 0x14F0303, 0x1520303, 
    0x1550303, 0x1580303, 0x15B0303, 0x15E0303, 0x1610303, 0x1640303, 0x1670303, 0x16A0303, 0x3000059, 0x3000079, 
    0x3230059, 0x3230079, 0x3090059, 0x3090079, 0x3030059, 0x3030079, 0, 0, 0, 0, 0, 0, 0x31303B1, 0x31403B1, 0x16D0303, 
    0x1700303, 0x1730303, 0x1760303, 0x1790303, 0x17C0303, 0x3130391, 0x3140391, 0x17F0303, 0x1820303, 0x1850303, 
    0x1880303, 0x18B0303, 0x18E0303, 0x31303B5, 0x31403B5, 0x1910303, 0x1940303, 0x1970303, 0x19A0303, 0, 0, 0x3130395, 
    0x3140395, 0x19D0303, 0x1A00303, 0x1A30303, 0x1A60303, 0, 0, 0x31303B7, 0x31403B7, 0x1A90303, 0x1AC0303, 0x1AF0303, 
    0x1B20303, 0x1B50303, 0x1B80303, 0x3130397, 0x3140397, 0x1BB0303, 0x1BE0303, 0x1C10303, 0x1C40303, 0x1C70303, 
    0x1CA0303, 0x31303B9, 0x31403B9, 0x1CD0303, 0x1D00303, 0x1D30303, 0x1D60303, 0x1D90303, 0x1DC0303, 0x3130399, 
    0x3140399, 0x1DF0303, 0x1E20303, 0x1E50303, 0x1E80303, 0x1EB0303, 0x1EE0303, 0x31303BF, 0x31403BF, 0x1F10303, 
    0x1F40303, 0x1F70303, 0x1FA0303, 0, 0, 0x313039F, 0x314039F, 0x1FD0303, 0x2000303, 0x2030303, 0x2060303, 0, 0, 
    0x31303C5, 0x31403C5, 0x2090303, 0x20C0303, 0x20F0303, 0x2120303, 0x2150303, 0x2180303, 0, 0x31403A5, 0, 0x21B0303, 0, 
    0x21E0303, 0, 0x2210303, 0x31303C9, 0x31403C9, 0x2240303, 0x2270303, 0x22A0303, 0x22D0303, 0x2300303, 0x2330303, 
    0x31303A9, 0x31403A9, 0x2360303, 0x2390303, 0x23C0303, 0x23F0303, 0x2420303, 0x2450303, 0x30003B1, 0x30103B1, 
    0x30003B5, 0x30103B5, 0x30003B7, 0x30103B7, 0x30003B9, 0x30103B9, 0x30003BF, 0x30103BF, 0x30003C5, 0x30103C5, 
    0x30003C9, 0x30103C9, 0, 0, 0x2480303, 0x24B0303, 0x24E0403, 0x2520403, 0x2560403, 0x25A0403, 0x25E0403, 0x2620403, 
    0x2660303, 0x2690303, 0x26C0403, 0x2700403, 0x2740403, 0x2780403, 0x27C0403, 0x2800403, 0x2840303, 0x2870303, 
    0x28A0403, 0x28E0403, 0x2920403, 0x2960403, 0x29A0403, 0x29E0403, 0x2A20303, 0x2A50303, 0x2A80403, 0x2AC0403, 
    0x2B00403, 0x2B40403, 0x2B80403, 0x2BC0403, 0x2C00303, 0x2C30303, 0x2C60403, 0x2CA0403, 0x2CE0403, 0x2D20403, 
    0x2D60403, 0x2DA0403, 0x2DE0303, 0x2E10303, 0x2E40403, 0x2E80403, 0x2EC0403, 0x2F00403, 0x2F40403, 0x2F80403, 
    0x30603B1, 0x30403B1, 0x2FC0303, 0x34503B1, 0x2FF0303, 0, 0x34203B1, 0x3020303, 0x3060391, 0x3040391, 0x3000391, 
    0x3010391, 0x3450391, 0, 0xEE4002, 0, 0, 0x34200A8, 0x3050303, 0x34503B7, 0x3080303, 0, 0x34203B7, 0x30B0303, 
    0x3000395, 0x3010395, 0x3000397, 0x3010397, 0x3450397, 0x3001FBF, 0x3011FBF, 0x3421FBF, 0x30603B9, 0x30403B9, 
    0x30E0303, 0x3110303, 0, 0, 0x34203B9, 0x3140303, 0x3060399, 0x3040399, 0x3000399, 0x3010399, 0, 0x3001FFE, 0x3011FFE, 
    0x3421FFE, 0x30603C5, 0x30403C5, 0x3170303, 0x31A0303, 0x31303C1, 0x31403C1, 0x34203C5, 0x31D0303, 0x30603A5, 
    0x30403A5, 0x30003A5, 0x30103A5, 0x31403A1, 0x30000A8, 0x30100A8, 0x180002, 0, 0, 0x3200303, 0x34503C9, 0x3230303, 0, 
    0x34203C9, 0x3260303, 0x300039F, 0x301039F, 0x30003A9, 0x30103A9, 0x34503A9, 0x2D0002, 0, 0, 0x8008002, 0x800C002, 0, 
    0, 0, 0, 0, 0, 0, 0, 0, 0, 0, 0, 0, 0, 0, 0, 0, 0, 0, 0, 0, 0, 0, 0, 0, 0, 0, 0, 0, 0, 0, 0, 0, 0, 0, 0, 0, 0, 0, 0, 0, 
    0, 0, 0, 0, 0, 0, 0, 0, 0, 0, 0, 0, 0, 0, 0, 0, 0, 0, 0, 0, 0, 0, 0, 0, 0, 0, 0, 0, 0, 0, 0, 0, 0, 0, 0, 0, 0, 0, 0, 0, 
    0, 0, 0, 0, 0, 0, 0, 0, 0, 0, 0, 0, 0, 0, 0, 0, 0, 0, 0, 0, 0, 0, 0, 0, 0, 0, 0, 0, 0, 0, 0, 0, 0, 0, 0, 0, 0, 0, 0, 0, 
    0, 0, 0, 0, 0, 0, 0, 0, 0, 0, 0, 0, 0, 0, 0, 0, 0, 0, 0, 0, 0, 0, 0, 0, 0, 0, 0, 0, 0, 0, 0, 0, 0, 0, 0, 0, 0, 0, 0, 0, 
    0, 0, 0, 0, 0, 0, 0, 0, 0, 0, 0, 0, 0, 0, 0, 0, 0, 0, 0, 0, 0, 0, 0, 0, 0, 0, 0, 0, 0, 0, 0, 0, 0, 0, 0, 0, 0, 0, 0, 0, 
    0, 0, 0, 0, 0, 0x8343301, 0x8347301, 0x8348101, 0x834C101, 0x8353301, 0x8357301, 0x835B301, 0x835F301, 0x8360101, 
    0x8364101, 0x8368101, 0x836F301, 0x8373301, 0, 0, 0, 0, 0x8387301, 0, 0, 0, 0x8394101, 0x8398101, 0x839F301, 0x83A2E01, 
    0x83A7301, 0x83A8101, 0x83AC101, 0x83B2E01, 0x83B6E01, 0x83BAE01, 0x83BEE01, 0x83C3301, 0, 0, 0, 0, 0, 0, 0, 0, 0, 0, 
    0, 0, 0, 0, 0, 0, 0, 0, 0, 0, 0, 0, 0, 0, 0, 0, 0, 0, 0, 0, 0, 0, 0, 0, 0, 0, 0, 0, 0, 0, 0, 0, 0, 0, 0, 0, 0, 0, 0, 0, 
    0, 0, 0, 0xEA4002, 0, 0, 0, 0x12C002, 0x30A0041, 0, 0, 0, 0, 0, 0, 0, 0, 0, 0, 0, 0, 0, 0, 0, 0, 0, 0, 0, 0, 0, 0, 0, 
    0, 0, 0, 0, 0, 0, 0, 0, 0, 0, 0, 0, 0, 0, 0, 0, 0, 0, 0, 0, 0, 0, 0, 0, 0, 0, 0, 0, 0, 0, 0, 0, 0, 0, 0, 0, 0, 0, 0, 0, 
    0, 0, 0, 0, 0, 0, 0, 0, 0, 0, 0, 0, 0, 0, 0, 0, 0, 0, 0, 0, 0, 0, 0, 0, 0, 0, 0, 0, 0, 0, 0, 0, 0, 0, 0, 0, 0, 0, 0, 0, 
    0, 0, 0, 0, 0, 0, 0, 0x3382190, 0x3382192, 0, 0, 0, 0, 0, 0, 0, 0, 0, 0, 0, 0, 0, 0, 0, 0, 0, 0, 0x3382194, 0, 0, 0, 0, 
    0, 0, 0, 0, 0, 0, 0, 0, 0, 0, 0, 0, 0, 0, 0, 0, 0, 0, 0, 0, 0, 0, 0, 0, 0, 0, 0x33821D0, 0x33821D4, 0x33821D2, 0, 0, 0, 
    0, 0, 0, 0, 0, 0, 0, 0, 0, 0, 0, 0, 0, 0, 0, 0, 0, 0, 0, 0, 0, 0, 0, 0, 0, 0, 0, 0, 0, 0, 0, 0, 0, 0, 0, 0, 0, 0, 0, 0, 
    0, 0, 0, 0, 0, 0, 0, 0, 0, 0x3290203, 0, 0, 0, 0, 0x3382208, 0, 0, 0x338220B, 0, 0, 0, 0, 0, 0, 0, 0, 0, 0, 0, 0, 0, 0, 
    0, 0, 0, 0, 0, 0, 0, 0, 0, 0x3382223, 0, 0x3382225, 0, 0, 0, 0, 0, 0, 0, 0, 0, 0, 0, 0, 0, 0, 0, 0, 0, 0, 0, 0, 0, 0, 
    0, 0, 0, 0, 0x338223C, 0, 0, 0x3382243, 0, 0, 0x3382245, 0, 0x3382248, 0, 0, 0, 0, 0, 0, 0, 0, 0, 0, 0, 0, 0, 0, 0, 0, 
    0, 0, 0, 0, 0, 0, 0x338003D, 0, 0x3382261, 0, 0, 0, 0, 0, 0, 0, 0, 0, 0, 0x338224D, 0x338003C, 0x338003E, 0x3382264, 
    0x3382265, 0, 0, 0x3382272, 0x3382273, 0, 0, 0x3382276, 0x3382277, 0, 0, 0, 0, 0, 0, 0x338227A, 0x338227B, 0, 0, 
    0x3382282, 0x3382283, 0, 0, 0x3382286, 0x3382287, 0, 0, 0, 0, 0, 0, 0, 0, 0, 0, 0, 0, 0, 0, 0, 0, 0, 0, 0, 0, 0, 0, 0, 
    0, 0, 0, 0, 0, 0, 0, 0, 0, 0, 0, 0x33822A2, 0x33822A8, 0x33822A9, 0x33822AB, 0, 0, 0, 0, 0, 0, 0, 0, 0, 0, 0, 0, 0, 0, 
    0, 0, 0, 0, 0, 0, 0, 0, 0, 0, 0, 0, 0, 0, 0, 0, 0, 0, 0, 0, 0, 0, 0, 0, 0, 0, 0, 0, 0, 0, 0, 0, 0, 0, 0x338227C, 
    0x338227D, 0x3382291, 0x3382292, 0, 0, 0, 0, 0, 0, 0x33822B2, 0x33822B3, 0x33822B4, 0x33822B5, 0, 0, 0, 0, 0, 0, 0, 0, 
    0, 0, 0, 0, 0, 0, 0, 0, 0, 0, 0, 0, 0, 0, 0, 0, 0, 0, 0, 0, 0, 0, 0, 0, 0, 0, 0, 0, 0, 0, 0, 0, 0, 0, 0, 0, 0, 0, 0, 0, 
    0, 0, 0, 0, 0, 0, 0, 0, 0, 0, 0, 0xC020002, 0xC024002, 0, 0, 0, 0, 0, 0, 0, 0, 0, 0, 0, 0, 0, 0, 0, 0, 0, 0, 0, 0, 0, 
    0, 0, 0, 0, 0, 0, 0, 0, 0, 0, 0, 0, 0, 0, 0, 0, 0, 0, 0, 0, 0, 0, 0, 0, 0, 0, 0, 0, 0, 0, 0, 0, 0, 0, 0, 0, 0, 0, 0, 0, 
    0, 0, 0, 0, 0, 0, 0, 0, 0, 0, 0, 0, 0, 0, 0, 0, 0, 0, 0, 0, 0, 0, 0, 0, 0, 0, 0, 0, 0, 0, 0, 0, 0, 0, 0, 0, 0, 0, 0, 0, 
    0, 0, 0, 0, 0, 0, 0, 0, 0, 0, 0, 0, 0, 0, 0, 0, 0, 0, 0, 0, 0, 0, 0, 0, 0, 0, 0, 0, 0, 0, 0, 0, 0, 0, 0, 0, 0, 0, 0, 0, 
    0, 0, 0, 0, 0, 0, 0, 0, 0, 0, 0, 0, 0, 0, 0, 0, 0, 0, 0, 0, 0, 0, 0, 0, 0, 0, 0, 0, 0, 0, 0, 0, 0, 0, 0, 0, 0x3382ADD, 
    0, 0, 0, 0, 0, 0, 0, 0, 0, 0, 0, 0, 0, 0, 0, 0, 0, 0, 0, 0, 0, 0, 0, 0, 0, 0, 0, 0, 0, 0, 0, 0, 0, 0, 0, 0, 0, 0, 0, 0, 
    0, 0, 0, 0, 0, 0, 0, 0, 0, 0, 0, 0, 0, 0, 0, 0, 0, 0, 0, 0, 0, 0, 0, 0, 0, 0, 0, 0, 0, 0, 0, 0, 0, 0, 0, 0, 0, 0, 0, 0, 
    0, 0, 0, 0, 0, 0, 0, 0, 0, 0, 0, 0, 0, 0, 0, 0, 0, 0, 0, 0, 0, 0, 0, 0, 0, 0, 0, 0, 0, 0, 0, 0, 0, 0, 0, 0, 0, 0, 0, 0, 
    0, 0, 0, 0, 0, 0, 0, 0, 0, 0, 0, 0, 0, 0, 0, 0, 0, 0, 0, 0, 0, 0, 0, 0, 0, 0, 0xB3BF301, 0xB3C3301, 0xB3C7301, 0, 0, 0, 
    0, 0, 0, 0, 0, 0, 0, 0, 0, 0, 0, 0, 0, 0, 0, 0, 0, 0, 0, 0, 0, 0, 0, 0, 0, 0, 0, 0, 0, 0, 0, 0, 0, 0, 0, 0, 0, 0, 0, 0, 
    0, 0, 0, 0, 0, 0, 0, 0, 0, 0, 0, 0, 0, 0, 0, 0, 0, 0, 0, 0, 0, 0, 0, 0, 0, 0, 0, 0, 0, 0, 0, 0, 0, 0, 0, 0, 0, 0, 0, 0, 
    0, 0, 0, 0, 0, 0, 0, 0, 0, 0, 0, 0, 0, 0, 0, 0, 0, 0, 0, 0, 0, 0, 0, 0, 0, 0, 0, 0, 0, 0, 0, 0, 0, 0, 0, 0, 0, 0, 0, 0, 
    0, 0, 0, 0, 0, 0, 0, 0, 0, 0, 0, 0, 0, 0, 0, 0, 0, 0, 0xB5FC501, 0, 0, 0, 0, 0, 0, 0, 0, 0, 0, 0, 0, 0, 0, 0, 0, 0, 0, 
    0, 0, 0, 0, 0, 0, 0, 0, 0, 0, 0, 0, 0, 0, 0, 0, 0, 0, 0, 0, 0, 0, 0, 0, 0, 0, 0, 0, 0, 0, 0, 0, 0, 0, 0, 0, 0, 0, 0, 0, 
    0, 0, 0, 0, 0, 0, 0, 0, 0, 0, 0, 0, 0, 0, 0, 0, 0, 0, 0, 0, 0, 0, 0, 0, 0, 0, 0, 0, 0, 0, 0, 0, 0, 0, 0, 0, 0, 0, 
    0xB783301, 0xB787301, 0xB78B301, 0xB78F301, 0xB793301, 0xB797301, 0xB79B301, 0xB79F301, 0xB7A3301, 0xB7A7301, 
    0xB7AB301, 0xB7AF301, 0xB7B3301, 0xB7B7301, 0xB7BB301, 0xB7BF301, 0xB7C3301, 0xB7C7301, 0xB7CB301, 0xB7CF301, 
    0xB7D3301, 0xB7D7301, 0xB7DB301, 0xB7DF301, 0xB7E3301, 0xB7E7301, 0xB7EB301, 0xB7EF301, 0xB7F3301, 0xB7F7301, 
    0xB7FB301, 0xB7FF301, 0, 0, 0, 0, 0, 0, 0, 0, 0, 0, 0, 0, 0, 0, 0, 0, 0, 0, 0, 0, 0, 0, 0, 0, 0, 0, 0, 0, 0, 0, 0, 0, 
    0, 0, 0, 0, 0, 0, 0, 0, 0, 0, 0xC0AAD01, 0xC0AF201, 0xC0B3401, 0xC0B6F01, 0xC0BB001, 0xC0BF001, 0, 0, 0, 0, 0, 0, 0, 0, 
    0, 0, 0, 0, 0, 0, 0, 0, 0, 0, 0, 0, 0, 0, 0, 0, 0, 0, 0, 0, 0x3099304B, 0, 0x3099304D, 0, 0x3099304F, 0, 0x30993051, 0, 
    0x30993053, 0, 0x30993055, 0, 0x30993057, 0, 0x30993059, 0, 0x3099305B, 0, 0x3099305D, 0, 0x3099305F, 0, 0x30993061, 0, 
    0, 0x30993064, 0, 0x30993066, 0, 0x30993068, 0, 0, 0, 0, 0, 0, 0x3099306F, 0x309A306F, 0, 0x30993072, 0x309A3072, 0, 
    0x30993075, 0x309A3075, 0, 0x30993078, 0x309A3078, 0, 0x3099307B, 0x309A307B, 0, 0, 0, 0, 0, 0, 0, 0, 0, 0, 0, 0, 0, 0, 
    0, 0, 0, 0, 0, 0, 0, 0, 0x30993046, 0, 0, 0, 0, 0xC264401, 0xC268401, 0, 0, 0, 0x3099309D, 0, 0, 0, 0, 0, 0, 0, 0, 0, 
    0, 0, 0, 0, 0x309930AB, 0, 0x309930AD, 0, 0x309930AF, 0, 0x309930B1, 0, 0x309930B3, 0, 0x309930B5, 0, 0x309930B7, 0, 
    0x309930B9, 0, 0x309930BB, 0, 0x309930BD, 0, 0x309930BF, 0, 0x309930C1, 0, 0, 0x309930C4, 0, 0x309930C6, 0, 0x309930C8, 
    0, 0, 0, 0, 0, 0, 0x309930CF, 0x309A30CF, 0, 0x309930D2, 0x309A30D2, 0, 0x309930D5, 0x309A30D5, 0, 0x309930D8, 
    0x309A30D8, 0, 0x309930DB, 0x309A30DB, 0, 0, 0, 0, 0, 0, 0, 0, 0, 0, 0, 0, 0, 0, 0, 0, 0, 0, 0, 0, 0, 0, 0x309930A6, 0, 
    0, 0x309930EF, 0x309930F0, 0x309930F1, 0x309930F2, 0, 0, 0, 0x309930FD, 0, 0, 0, 0, 0, 0, 0, 0, 0, 0, 0, 0, 0, 0, 0, 0, 
    0, 0, 0, 0, 0, 0, 0, 0, 0, 0, 0, 0, 0, 0, 0, 0, 0, 0, 0, 0, 0, 0, 0, 0, 0, 0, 0, 0, 0, 0, 0, 0, 0, 0, 0, 0, 0, 0, 0, 0, 
    0, 0, 0, 0, 0, 0, 0, 0, 0, 0, 0, 0, 0, 0, 0, 0, 0, 0, 0, 0, 0, 0, 0, 0, 0, 0, 0, 0, 0, 0, 0, 0, 0, 0, 0, 0, 0, 0, 0, 0, 
    0, 0, 0, 0, 0, 0, 0, 0, 0, 0, 0, 0, 0, 0, 0, 0, 0x299BF301, 0, 0, 0, 0, 0x299D3301, 0x299D7301, 0x299DB301, 0x299DF301, 
    0x299E3301, 0x299E7301, 0x299EB301, 0x299EF301, 0x299F3301, 0x299F7301, 0, 0, 0, 0, 0, 0, 0, 0, 0, 0, 0, 0, 0, 0, 0, 0, 
    0, 0, 0, 0, 0, 0, 0, 0, 0, 0, 0, 0, 0, 0, 0, 0, 0x29A7B301, 0x29A7F301, 0, 0, 0, 0, 0, 0, 0, 0, 0, 0, 0, 0, 0, 0, 0, 0, 
    0, 0, 0, 0, 0, 0, 0, 0, 0, 0, 0, 0, 0, 0, 0, 0, 0, 0, 0, 0, 0, 0, 0, 0, 0, 0, 0, 0, 0, 0, 0, 0, 0, 0, 0, 0, 0, 0, 0, 0, 
    0, 0, 0, 0, 0, 0, 0, 0, 0, 0, 0, 0, 0, 0, 0, 0, 0, 0, 0, 0, 0, 0, 0, 0, 0x29BC3301, 0x29BC7301, 0, 0, 0, 0, 0, 0, 0, 0, 
    0, 0, 0, 0, 0, 0, 0, 0, 0, 0, 0, 0, 0x2A018501, 0, 0, 0, 0, 0, 0, 0, 0, 0, 0, 0, 0, 0, 0, 0, 0, 0, 0, 0, 0, 0, 0, 0, 0, 
    0, 0, 0, 0, 0, 0, 0, 0, 0, 0, 0, 0, 0, 0x2A0B0501, 0, 0, 0, 0, 0, 0, 0, 0, 0, 0, 0, 0, 0, 0, 0, 0, 0, 0, 0, 0, 0, 0, 0, 
    0, 0, 0, 0, 0, 0, 0, 0, 0, 0, 0, 0, 0, 0, 0, 0, 0, 0, 0, 0, 0, 0, 0, 0, 0, 0, 0, 0, 0, 0, 0, 0, 0, 0, 0, 0, 0, 0, 0, 0, 
    0, 0, 0, 0, 0, 0, 0, 0, 0, 0, 0, 0, 0, 0, 0, 0, 0, 0, 0, 0, 0, 0, 0, 0, 0, 0, 0, 0, 0, 0, 0, 0, 0, 0, 0, 0, 0, 0, 0, 0, 
    0, 0, 0, 0, 0, 0, 0, 0, 0, 0, 0, 0, 0, 0, 0, 0, 0, 0, 0, 0, 0, 0, 0, 0, 0, 0, 0, 0, 0, 0, 0, 0, 0, 0, 0, 0, 0, 0, 0, 0, 
    0, 0, 0, 0, 0, 0, 0, 0, 0x2A310501, 0, 0, 0, 0, 0, 0, 0, 0, 0, 0, 0, 0, 0, 0, 0, 0, 0, 0, 0, 0, 0, 0, 0, 0, 0, 0, 0, 
    0x2A383301, 0x2A387301, 0x2A38B301, 0x2A38F301, 0x2A393301, 0x2A397301, 0x2A39B301, 0x2A39F301, 0x2A3A3301, 0x2A3A7301, 
    0x2A3AB301, 0x2A3AF301, 0x2A3B3301, 0x2A3B7301, 0x2A3BB301, 0x2A3BF301, 0x2A3C3301, 0x2A3C7301, 0, 0, 0, 0, 0, 0, 0, 0, 
    0, 0, 0, 0, 0, 0, 0, 0, 0, 0, 0, 0, 0, 0, 0, 0, 0, 0, 0, 0, 0, 0, 0, 0, 0, 0, 0, 0, 0, 0, 0, 0, 0, 0, 0, 0, 0, 0, 0, 0, 
    0, 0, 0, 0, 0, 0, 0, 0, 0, 0x2A4AEE01, 0x2A4B2E01, 0x2A4B6E01, 0, 0, 0, 0, 0, 0, 0, 0, 0, 0, 0, 0, 0, 0, 0, 0, 0, 0, 0, 
    0, 0, 0, 0, 0, 0, 0, 0, 0, 0, 0, 0, 0, 0, 0, 0, 0, 0, 0x2A54C501, 0, 0, 0, 0, 0, 0, 0, 0, 0, 0, 0, 0, 0, 0, 0, 0, 0, 0, 
    0, 0, 0, 0, 0, 0, 0, 0, 0, 0, 0, 0, 0, 0, 0, 0, 0, 0, 0, 0, 0, 0, 0, 0, 0, 0, 0, 0, 0, 0, 0, 0, 0, 0, 0, 0, 0, 0, 0, 0, 
    0, 0, 0, 0, 0, 0, 0, 0, 0, 0, 0, 0, 0, 0, 0, 0, 0, 0, 0, 0, 0, 0, 0, 0, 0, 0, 0, 0, 0, 0, 0, 0, 0, 0, 0, 0, 0, 
    0x2A6CC301, 0, 0, 0, 0, 0, 0, 0, 0, 0, 0, 0, 0, 0x2A700501, 0, 0, 0, 0, 0, 0, 0, 0, 0, 0, 0, 0, 0, 0, 0, 0, 0, 0, 0, 0, 
    0, 0, 0, 0, 0, 0, 0, 0, 0, 0, 0, 0, 0, 0, 0, 0, 0, 0, 0, 0, 0, 0, 0, 0, 0, 0, 0, 0, 0, 0, 0, 0, 0, 0, 0, 0, 0, 0, 0, 0, 
    0, 0, 0, 0, 0, 0, 0, 0, 0, 0, 0, 0, 0, 0, 0, 0, 0, 0, 0, 0, 0, 0, 0, 0, 0, 0, 0, 0, 0, 0, 0, 0, 0, 0, 0, 0, 0, 0, 0, 0, 
    0, 0, 0, 0, 0, 0, 0, 0, 0, 0, 0, 0x2AAC3301, 0, 0x2AACB301, 0x2AACF301, 0x2AAD2E01, 0, 0, 0x2AADF301, 0x2AAE3301, 0, 0, 
    0, 0, 0, 0x2AAFB301, 0x2AAFF301, 0, 0x2AB07301, 0, 0, 0, 0, 0, 0, 0, 0, 0, 0, 0, 0, 0, 0, 0, 0, 0, 0, 0, 0, 0, 0, 0, 0, 
    0, 0, 0, 0, 0, 0, 0, 0, 0, 0, 0, 0, 0, 0, 0, 0, 0, 0, 0, 0, 0, 0, 0, 0, 0, 0, 0, 0, 0x2ABD8501, 0, 0, 0, 0, 0, 0, 0, 0, 
    0, 0, 0, 0, 0, 0, 0, 0, 0, 0, 0, 0, 0, 0, 0, 0, 0, 0, 0, 0, 0, 0, 0, 0, 0, 0, 0, 0, 0, 0, 0, 0, 0, 0, 0, 0, 0, 0, 0, 0, 
    0, 0, 0, 0, 0, 0, 0, 0, 0, 0, 0, 0, 0, 0, 0, 0, 0, 0, 0, 0, 0, 0, 0, 0, 0, 0, 0, 0, 0, 0, 0, 0, 0, 0, 0, 0, 0, 0, 0, 0, 
    0, 0, 0, 0, 0, 0, 0, 0, 0, 0, 0, 0, 0, 0, 0, 0, 0, 0, 0, 0, 0, 0, 0, 0, 0, 0, 0, 0, 0, 0, 0x2AFB4501, 0, 0, 0, 0, 0, 0, 
    0, 0, 0, 0, 0, 0, 0, 0, 0, 0, 0, 0, 0x23120002, 0x19BD0002, 0x23B28002, 0x23320002, 0x1BB44002, 0x138C8002, 0x14F94002, 
    0x27E70002, 0x27E70002, 0x16544002, 0x24744002, 0x1561C002, 0x16520002, 0x187D8002, 0x1D9A4002, 0x1FE14002, 0x218FC002, 
    0x21EE8002, 0x223E0002, 0x2423C002, 0x1A808002, 0x1B46C002, 0x1C364002, 0x1CF78002, 0x210F4002, 0x245A8002, 0x267C4002, 
    0x13A08002, 0x14DD4002, 0x1AC10002, 0x1C86C002, 0x218B4002, 0x27878002, 0x17540002, 0x1BFAC002, 0x21734002, 0x22590002, 
    0x18B24002, 0x20760002, 0x2207C002, 0x17B28002, 0x19C5C002, 0x1B5A8002, 0x1CBF0002, 0x24338002, 0x13E18002, 0x146DC002, 
    0x14B78002, 0x19310002, 0x1AB4C002, 0x1C840002, 0x1DB9C002, 0x20004002, 0x21818002, 0x21970002, 0x237BC002, 0x25CC8002, 
    0x26DBC002, 0x277E8002, 0x1E230002, 0x1E5FC002, 0x1F680002, 0x20F24002, 0x24C10002, 0x279FC002, 0x22B58002, 0x1637C002, 
    0x17C10002, 0x1F180002, 0x201F8002, 0x1C988002, 0x1E328002, 0x23308002, 0x25BDC002, 0x16360002, 0x17188002, 0x1A84C002, 
    0x1B768002, 0x1BC3C002, 0x1F4BC002, 0x1F8DC002, 0x2592C002, 0x14B48002, 0x2022C002, 0x14770002, 0x14730002, 0x1E870002, 
    0x1F6F8002, 0x20FC4002, 0x259D4002, 0x22E00002, 0x18B3C002, 0x1A808002, 0x22BF8002, 0x138E4002, 0x16F9C002, 0x18048002, 
    0x1CE1C002, 0x1D5C0002, 0x14C5C002, 0x1E3EC002, 0x13EFC002, 0x17EA4002, 0x13834002, 0x1B330002, 0x195E0002, 0x1F488002, 
    0x14F0C002, 0x16178002, 0x1DC04002, 0x21124002, 0x22AA8002, 0x1AEE8002, 0x23EC0002, 0x1B220002, 0x18BF8002, 0x20B94002, 
    0x18E80002, 0x1D594002, 0x13AB8002, 0x145A4002, 0x14724002, 0x1A204002, 0x1F39C002, 0x209BC002, 0x22B48002, 0x2473C002, 
    0x14BD4002, 0x15108002, 0x165CC002, 0x17BB0002, 0x19714002, 0x1BFF8002, 0x1E4A8002, 0x256B4002, 0x269A8002, 0x27A5C002, 
    0x27B38002, 0x14A6C002, 0x19B18002, 0x1ADDC002, 0x23D88002, 0x179D0002, 0x18640002, 0x18800002, 0x19268002, 0x1BC8C002, 
    0x1C524002, 0x1D224002, 0x1E728002, 0x1F7D0002, 0x201BC002, 0x23C98002, 0x213B8002, 0x2408C002, 0x24D28002, 0x1485C002, 
    0x14A8C002, 0x152F4002, 0x1C320002, 0x22308002, 0x22AA8002, 0x17B24002, 0x17FD4002, 0x18DEC002, 0x1AEB8002, 0x1F0F8002, 
    0x1CDD4002, 0x13B90002, 0x15BE4002, 0x16F9C002, 0x176E8002, 0x18070002, 0x1CEC8002, 0x1D1A4002, 0x1FE68002, 0x20118002, 
    0x248D0002, 0x25BD8002, 0x25D20002, 0x26060002, 0x13E2C002, 0x1E6B8002, 0x246D0002, 0x25AE0002, 0x18384002, 0x13A18002, 
    0x14368002, 0x16FB8002, 0x170FC002, 0x19664002, 0x1A808002, 0x1C738002, 0x1D908002, 0x213F0002, 0x241F0002, 0x27E34002, 
    0x19A20002, 0x258B8002, 0x14A24002, 0x19DEC002, 0x19FCC002, 0x1B504002, 0x1BA70002, 0x1D024002, 0x1D564002, 0x1E1AC002, 
    0x1F440002, 0x26178002, 0x145B4002, 0x188B8002, 0x259E0002, 0x140AC002, 0x17464002, 0x1B7A8002, 0x23CA8002, 0x17E2C002, 
    0x18510002, 0x1A05C002, 0x1CE1C002, 0x25A18002, 0x148A4002, 0x1503C002, 0x17194002, 0x1984C002, 0x19D38002, 0x1A2A0002, 
    0x1B394002, 0x1D018002, 0x1D788002, 0x1FDE4002, 0x2233C002, 0x22384002, 0x24730002, 0x25B88002, 0x14CFC002, 0x1BAE8002, 
    0x15074002, 0x1C740002, 0x1D260002, 0x217E8002, 0x25A8C002, 0x2715C002, 0x27A7C002, 0x19E5C002, 0x1B72C002, 0x207A0002, 
    0x1EB2C002, 0x1EC80002, 0x1F248002, 0x1CB00002, 0x1C264002, 0x22D60002, 0x13B00002, 0x20CD8002, 0x148E8002, 0x1481C002, 
    0x17A98002, 0x18B4C002, 0x1F358002, 0x16E14002, 0x1B478002, 0x19AD0002, 0x23CEC002, 0x22130002, 0x25934002, 0x2262C002, 
    0x17B4C002, 0x14500002, 0x15700002, 0, 0, 0x16168002, 0, 0x199D0002, 0, 0, 0x14778002, 0x1CCA8002, 0x1DB28002, 
    0x1E4F0002, 0x1E578002, 0x1E594002, 0x1E63C002, 0x25D58002, 0x1F2F8002, 0x1FEF4002, 0, 0x21848002, 0, 0x22BE0002, 0, 0, 
    0x240E0002, 0x243F4002, 0, 0, 0, 0x263BC002, 0x263F0002, 0x264A0002, 0x276D0002, 0x24378002, 0x25ADC002, 0x13EB8002, 
    0x1439C002, 0x14534002, 0x14B24002, 0x14B90002, 0x14D44002, 0x15674002, 0x15818002, 0x159A0002, 0x16100002, 0x162A0002, 
    0x17190002, 0x171B8002, 0x18250002, 0x185A0002, 0x18638002, 0x187C8002, 0x1953C002, 0x19788002, 0x19A44002, 0x1A214002, 
    0x1B5DC002, 0x1B868002, 0x1BC88002, 0x1C5B8002, 0x1C8AC002, 0x1D088002, 0x1E244002, 0x1E4F8002, 0x1E524002, 0x1E520002, 
    0x1E540002, 0x1E558002, 0x1E574002, 0x1E634002, 0x1E638002, 0x1E900002, 0x1EA04002, 0x1EF00002, 0x1F7D0002, 0x1F824002, 
    0x1F904002, 0x1FDC8002, 0x20014002, 0x207B4002, 0x209E4002, 0x209E4002, 0x2115C002, 0x22440002, 0x22658002, 0x22C04002, 
    0x22CE4002, 0x2334C002, 0x23420002, 0x23ED8002, 0x240E0002, 0x25B8C002, 0x25FFC002, 0x260EC002, 0x181D4002, 0x90BB8002, 
    0x20860002, 0, 0, 0x13898002, 0x146D4002, 0x145A0002, 0x13E00002, 0x14514002, 0x14600002, 0x14B1C002, 0x14BE8002, 
    0x15674002, 0x15554002, 0x15664002, 0x15788002, 0x16168002, 0x162CC002, 0x16510002, 0x16550002, 0x16988002, 0x16CA0002, 
    0x17B48002, 0x17B64002, 0x17DA4002, 0x17EB4002, 0x18360002, 0x18538002, 0x18420002, 0x18638002, 0x18580002, 0x187C8002, 
    0x188D0002, 0x18F10002, 0x19070002, 0x19148002, 0x19558002, 0x199D0002, 0x19C5C002, 0x19C6C002, 0x19D58002, 0x1ADE4002, 
    0x1AEE8002, 0x1B504002, 0x1BB6C002, 0x1BB2C002, 0x1BC88002, 0x1C078002, 0x1C5B8002, 0x1DE9C002, 0x1C8D4002, 0x1CABC002, 
    0x1CCA8002, 0x1D1C4002, 0x1D418002, 0x1D4EC002, 0x1D874002, 0x1D87C002, 0x1DB28002, 0x1DB6C002, 0x1DBD0002, 0x1DD28002, 
    0x1DD00002, 0x1E330002, 0x1EAC4002, 0x1EF00002, 0x1F1EC002, 0x1F56C002, 0x1F7D0002, 0x1FCF8002, 0x20014002, 0x20D48002, 
    0x20FBC002, 0x21DE4002, 0x22504002, 0x22618002, 0x22658002, 0x22AFC002, 0x22BE0002, 0x22B2C002, 0x22C04002, 0x22BF8002, 
    0x22BB4002, 0x22CE4002, 0x22E28002, 0x23420002, 0x23CE0002, 0x241C8002, 0x24664002, 0x249D8002, 0x259F0002, 0x25B8C002, 
    0x25D58002, 0x25F6C002, 0x25FFC002, 0x2602C002, 0x260EC002, 0x26C48002, 0x27E70002, 0x8A128002, 0x8A110002, 0x8CF54002, 
    0xEE74002, 0x10060002, 0x100E4002, 0x94924002, 0x97340002, 0x9FB4C002, 0x27D0C002, 0x27E38002, 0, 0, 0, 0, 0, 0, 0, 0, 
    0, 0, 0, 0, 0, 0, 0, 0, 0, 0, 0, 0, 0, 0, 0, 0, 0, 0, 0, 0, 0, 0, 0, 0, 0, 0, 0, 0, 0, 0, 0, 0, 0, 0, 0, 0, 0, 0, 0, 0, 
    0, 0, 0, 0, 0, 0, 0, 0, 0, 0, 0, 0, 0, 0, 0, 0, 0, 0, 0, 0x5B405D9, 0x3EC79601, 0x5B705F2, 0, 0, 0, 0, 0, 0, 0, 0, 0, 
    0, 0x5C105E9, 0x5C205E9, 0x32B0303, 0x32E0303, 0x5B705D0, 0x5B805D0, 0x5BC05D0, 0x5BC05D1, 0x5BC05D2, 0x5BC05D3, 
    0x5BC05D4, 0x5BC05D5, 0x5BC05D6, 0, 0x5BC05D8, 0x5BC05D9, 0x5BC05DA, 0x5BC05DB, 0x5BC05DC, 0, 0x5BC05DE, 0, 0x5BC05E0, 
    0x5BC05E1, 0, 0x5BC05E3, 0x5BC05E4, 0, 0x5BC05E6, 0x5BC05E7, 0x5BC05E8, 0x5BC05E9, 0x5BC05EA, 0x5B905D5, 0x5BF05D1, 
    0x5BF05DB, 0x5BF05E4, 0, 0, 0, 0, 0, 0, 0, 0, 0, 0, 0, 0, 0, 0, 0, 0, 0, 0, 0, 0, 0, 0, 0, 0, 0, 0, 0, 0, 0, 0, 0, 0, 
    0, 0, 0, 0, 0, 0, 0, 0, 0, 0, 0, 0, 0, 0, 0, 0, 0, 0, 0, 0, 0, 0, 0, 0, 0, 0, 0, 0, 0, 0, 0, 0, 0, 0, 0, 0, 0, 0, 0, 0, 
    0, 0, 0, 0, 0, 0, 0, 0, 0, 0x3F883301, 0x3F887301, 0x3F88B301, 0x3F88F301, 0x3F893301, 0x3F897301, 0x3F89B301, 
    0x3F89EE01, 0x3F8A2E01, 0x3F8A6E01, 0x3F8AAE01, 0x3F8AEE01, 0x3F8B2E01, 0x3F8B6E01, 0x3F8BB301, 0x3F8BF301, 0, 0, 0, 0, 
    0, 0, 0, 0, 0, 0, 0, 0, 0, 0, 0, 0, 0, 0, 0, 0, 0, 0, 0, 0, 0, 0, 0, 0, 0, 0, 0, 0, 0, 0, 0, 0, 0, 0, 0, 0, 0, 0, 0, 0, 
    0, 0, 0, 0, 0, 0, 0, 0, 0, 0, 0, 0, 0, 0, 0, 0, 0, 0, 0, 0, 0, 0, 0, 0, 0, 0, 0, 0, 0, 0, 0, 0, 0, 0, 0, 0, 0, 0, 0, 0, 
    0, 0, 0, 0, 0, 0, 0, 0, 0, 0, 0, 0, 0, 0, 0, 0, 0, 0, 0, 0, 0, 0, 0, 0, 0, 0, 0, 0, 0, 0, 0, 0, 0, 0, 0, 0, 0, 0, 0, 0, 
    0, 0, 0, 0, 0, 0, 0, 0, 0, 0, 0, 0, 0, 0, 0, 0, 0, 0, 0, 0, 0, 0, 0, 0, 0, 0, 0, 0, 0, 0, 0, 0, 0, 0, 0, 0, 0, 0, 0, 0, 
    0, 0, 0, 0, 0, 0, 0, 0, 0, 0, 0, 0, 0, 0, 0, 0, 0, 0, 0, 0, 0, 0, 0, 0, 0, 0, 0, 0, 0, 0, 0, 0, 0, 0, 0, 0, 0, 0, 0, 0, 
    0, 0x407F6E01, 0, 0, 0, 0, 0, 0, 0, 0, 0, 0, 0, 0, 0, 0, 0, 0, 0, 0, 0, 0, 0, 0, 0, 0, 0, 0, 0, 0, 0, 0, 0, 0, 0, 0, 0, 
    0, 0, 0, 0, 0, 0, 0, 0, 0, 0, 0, 0, 0, 0, 0, 0, 0, 0, 0, 0, 0, 0, 0, 0, 0, 0, 0, 0, 0, 0, 0, 0, 0, 0, 0, 0, 0, 0, 0, 0, 
    0, 0, 0, 0, 0, 0, 0, 0, 0, 0, 0, 0, 0, 0, 0, 0, 0, 0, 0, 0, 0, 0, 0, 0x40B82E01, 0, 0, 0, 0, 0, 0, 0, 0, 0, 0, 0, 0, 0, 
    0, 0, 0, 0, 0, 0, 0, 0, 0, 0, 0, 0, 0, 0, 0, 0, 0, 0, 0, 0, 0, 0, 0, 0, 0, 0, 0, 0, 0, 0, 0, 0, 0, 0, 0, 0, 0, 0, 0, 0, 
    0, 0, 0, 0, 0, 0, 0, 0, 0, 0, 0, 0, 0, 0, 0, 0, 0, 0, 0, 0, 0, 0, 0, 0, 0, 0, 0, 0, 0, 0, 0, 0, 0, 0, 0, 0, 0, 0, 0, 0, 
    0, 0, 0, 0, 0, 0, 0, 0, 0, 0, 0, 0, 0, 0, 0, 0, 0, 0, 0, 0, 0, 0, 0, 0, 0, 0, 0, 0, 0, 0, 0, 0, 0, 0, 0, 0, 0, 0, 0, 0, 
    0, 0, 0, 0, 0, 0, 0, 0, 0, 0, 0, 0, 0, 0, 0, 0, 0x40DDB301, 0x40DDF301, 0x40DE3301, 0x40DE7301, 0x40DEB301, 0, 0, 0, 0, 
    0, 0, 0, 0, 0, 0, 0, 0, 0, 0, 0, 0, 0, 0, 0x42836E01, 0, 0x4283F301, 0, 0, 0, 0, 0, 0, 0, 0, 0, 0, 0, 0, 0, 0, 0, 0, 0, 
    0, 0, 0, 0, 0, 0, 0, 0, 0, 0, 0, 0, 0, 0, 0, 0, 0, 0, 0, 0, 0, 0, 0, 0x428E3301, 0x428E4101, 0x428EAE01, 0, 0, 0, 0, 
    0x428FC501, 0, 0, 0, 0, 0, 0, 0, 0, 0, 0, 0, 0, 0, 0, 0, 0, 0, 0, 0, 0, 0, 0, 0, 0, 0, 0, 0, 0, 0, 0, 0, 0, 0, 0, 0, 0, 
    0, 0, 0, 0, 0, 0, 0, 0, 0, 0, 0, 0, 0, 0, 0, 0, 0, 0, 0, 0, 0, 0, 0, 0, 0, 0, 0, 0, 0, 0, 0, 0, 0, 0, 0, 0, 0, 0, 0, 0, 
    0, 0, 0, 0, 0, 0, 0, 0, 0, 0, 0, 0, 0, 0, 0, 0, 0, 0, 0, 0, 0, 0, 0, 0, 0, 0, 0, 0, 0, 0, 0, 0, 0, 0, 0, 0, 0, 0, 0, 0, 
    0, 0, 0, 0, 0, 0, 0, 0, 0, 0, 0, 0, 0, 0, 0, 0, 0, 0, 0, 0, 0, 0, 0, 0, 0, 0, 0, 0, 0, 0, 0, 0, 0, 0, 0, 0, 0, 0, 0, 0, 
    0, 0, 0, 0, 0, 0, 0, 0, 0, 0x42B97301, 0x42B9AE01, 0, 0, 0, 0, 0, 0, 0, 0, 0, 0, 0, 0, 0, 0, 0, 0, 0, 0, 0, 0, 0, 0, 0, 
    0, 0, 0, 0, 0, 0, 0, 0, 0, 0, 0, 0, 0, 0, 0, 0, 0, 0, 0, 0, 0, 0, 0, 0, 0, 0, 0, 0, 0, 0, 0, 0, 0, 0, 0, 0, 0, 0, 
    0x43493301, 0x43497301, 0x4349B301, 0x4349F301, 0, 0, 0, 0, 0, 0, 0, 0, 0, 0, 0, 0, 0, 0, 0, 0, 0, 0, 0, 0, 0, 0, 0, 0, 
    0, 0, 0, 0, 0, 0, 0, 0, 0, 0, 0, 0, 0, 0, 0, 0, 0, 0, 0, 0, 0, 0, 0, 0, 0, 0, 0, 0, 0, 0, 0, 0, 0, 0, 0, 0, 0, 0, 0, 0, 
    0, 0, 0, 0, 0, 0, 0, 0, 0, 0, 0, 0, 0, 0, 0, 0, 0, 0, 0, 0, 0, 0, 0, 0, 0, 0, 0, 0, 0, 0, 0, 0, 0, 0, 0, 0, 0, 0, 0, 0, 
    0, 0, 0, 0, 0, 0, 0, 0, 0, 0, 0, 0, 0, 0, 0, 0, 0, 0, 0, 0, 0, 0, 0, 0, 0, 0, 0, 0x43AAF301, 0x43AB3301, 0, 0, 0, 0, 0, 
    0, 0, 0, 0, 0, 0, 0, 0, 0, 0, 0, 0, 0, 0, 0, 0, 0, 0, 0, 0, 0, 0, 0, 0, 0, 0, 0, 0, 0, 0, 0, 0, 0, 0, 0, 0, 0, 0, 0, 0, 
    0, 0, 0, 0, 0, 0, 0, 0, 0, 0, 0, 0, 0, 0, 0, 0, 0, 0, 0, 0, 0, 0, 0, 0, 0, 0, 0, 0, 0, 0, 0, 0, 0, 0, 0, 0x43BF6E01, 
    0x43BFAE01, 0x43BFEE01, 0, 0, 0, 0, 0, 0, 0, 0, 0, 0, 0, 0, 0, 0, 0, 0, 0, 0, 0, 0, 0, 0, 0, 0, 0, 0, 0, 0, 0, 0, 0, 0, 
    0, 0, 0, 0, 0, 0, 0, 0, 0, 0, 0, 0, 0, 0, 0, 0, 0, 0, 0, 0, 0, 0, 0, 0, 0, 0, 0, 0, 0, 0, 0, 0, 0, 0, 0, 0, 0, 0, 
    0x43D1AE01, 0x43D1EE01, 0x43D23301, 0x43D27301, 0x43D2B301, 0x43D2EE01, 0x43D33301, 0x43D36E01, 0x43D3AE01, 0x43D3EE01, 
    0x43D42E01, 0, 0, 0, 0, 0, 0, 0, 0, 0, 0, 0, 0, 0, 0, 0, 0, 0, 0, 0, 0, 0, 0, 0, 0, 0, 0, 0, 0, 0, 0, 0, 0, 0, 0, 0, 0, 
    0, 0, 0, 0, 0, 0, 0, 0, 0, 0, 0, 0, 0, 0x43E0B301, 0x43E0EE01, 0x43E13301, 0x43E16E01, 0, 0, 0, 0, 0, 0, 0, 0, 0, 0, 0, 
    0, 0, 0, 0, 0, 0, 0, 0, 0, 0, 0, 0, 0, 0, 0, 0, 0, 0, 0, 0, 0, 0, 0, 0, 0, 0, 0, 0, 0, 0, 0, 0, 0, 0, 0, 0, 0, 0, 0, 0, 
    0, 0, 0, 0, 0, 0, 0, 0, 0, 0, 0, 0, 0, 0, 0, 0, 0, 0, 0, 0, 0, 0, 0, 0, 0, 0, 0, 0, 0, 0, 0, 0, 0, 0, 0, 0, 0, 0, 0, 0, 
    0, 0, 0, 0, 0, 0, 0, 0, 0, 0, 0, 0, 0, 0, 0, 0, 0, 0, 0, 0, 0, 0, 0, 0, 0, 0, 0, 0, 0, 0, 0, 0, 0, 0, 0, 0, 0, 0, 0, 0, 
    0, 0, 0, 0, 0, 0, 0, 0, 0, 0, 0, 0, 0, 0, 0, 0, 0, 0, 0, 0, 0, 0, 0, 0, 0, 0, 0, 0, 0, 0, 0, 0, 0, 0, 0, 0, 0, 0, 0, 0, 
    0, 0, 0, 0, 0, 0, 0, 0, 0, 0, 0, 0, 0, 0, 0, 0, 0, 0, 0, 0, 0, 0x44118501, 0, 0, 0, 0, 0, 0, 0, 0, 0, 0, 0, 0, 0, 0, 0, 
    0, 0, 0, 0, 0, 0, 0, 0, 0, 0, 0, 0, 0, 0, 0, 0, 0, 0, 0, 0, 0, 0, 0, 0, 0, 0, 0x441C0501, 0, 0, 0, 0, 0, 0, 0, 0, 0, 0, 
    0, 0, 0, 0, 0x441FC501, 0, 0, 0, 0, 0, 0, 0, 0, 0, 0, 0, 0, 0, 0, 0, 0, 0, 0, 0, 0, 0, 0, 0, 0, 0, 0, 0x3310203, 0, 
    0x3330203, 0, 0, 0, 0, 0, 0, 0, 0, 0, 0, 0, 0, 0, 0, 0x3350203, 0, 0, 0, 0, 0, 0, 0, 0, 0, 0, 0, 0, 0, 0x442E4501, 
    0x442E8301, 0, 0, 0, 0, 0, 0, 0, 0, 0, 0, 0, 0, 0, 0, 0, 0, 0, 0, 0, 0, 0, 0, 0, 0, 0, 0, 0, 0, 0, 0, 0, 0, 0, 0, 0, 0, 
    0, 0, 0, 0, 0, 0, 0, 0, 0, 0, 0, 0, 0, 0, 0, 0, 0, 0, 0, 0, 0, 0, 0, 0, 0, 0, 0, 0, 0, 0, 0, 0, 0, 0x44403301, 
    0x44407301, 0x4440B301, 0, 0, 0, 0, 0, 0, 0, 0, 0, 0, 0, 0, 0, 0, 0, 0, 0, 0, 0, 0, 0, 0, 0, 0, 0, 0, 0, 0, 0, 0, 0, 0, 
    0, 0, 0, 0, 0, 0, 0, 0, 0, 0, 0, 0x3370203, 0x3390203, 0, 0, 0, 0x444CC501, 0x444D0501, 0, 0, 0, 0, 0, 0, 0, 0, 0, 0, 
    0, 0, 0, 0, 0, 0, 0, 0, 0, 0, 0, 0, 0, 0, 0, 0, 0, 0, 0, 0, 0, 0, 0, 0, 0, 0, 0, 0, 0, 0, 0, 0, 0, 0, 0, 0, 0, 0, 0, 0, 
    0, 0, 0, 0, 0, 0, 0, 0, 0, 0, 0, 0, 0x445CC301, 0, 0, 0, 0, 0, 0, 0, 0, 0, 0, 0, 0, 0, 0, 0, 0, 0, 0, 0, 0, 0, 0, 0, 0, 
    0, 0, 0, 0, 0, 0, 0, 0, 0, 0, 0, 0, 0, 0, 0, 0, 0, 0, 0, 0, 0, 0, 0, 0, 0, 0, 0, 0, 0, 0, 0, 0, 0, 0, 0, 0, 0, 0, 0, 0, 
    0, 0, 0, 0, 0, 0, 0, 0, 0, 0, 0, 0, 0x44700501, 0, 0, 0, 0, 0, 0, 0, 0, 0, 0x44728301, 0, 0, 0, 0, 0, 0, 0, 0, 0, 0, 0, 
    0, 0, 0, 0, 0, 0, 0, 0, 0, 0, 0, 0, 0, 0, 0, 0, 0, 0, 0, 0, 0, 0, 0, 0, 0, 0, 0, 0, 0, 0, 0, 0, 0, 0, 0, 0, 0, 0, 0, 0, 
    0, 0, 0, 0, 0, 0, 0, 0, 0, 0, 0, 0, 0, 0, 0, 0, 0, 0, 0, 0, 0, 0, 0, 0, 0, 0, 0, 0, 0, 0, 0, 0, 0, 0, 0, 0, 0, 0, 0, 0, 
    0, 0, 0, 0, 0, 0, 0, 0, 0, 0, 0, 0, 0, 0, 0, 0x448D4501, 0x448D8301, 0, 0, 0, 0, 0, 0, 0, 0, 0, 0, 0, 0, 0, 0, 0, 0, 0, 
    0, 0, 0, 0, 0, 0, 0, 0, 0, 0, 0, 0, 0, 0, 0, 0, 0, 0, 0, 0, 0, 0, 0, 0, 0, 0, 0, 0, 0, 0, 0, 0, 0, 0, 0, 0, 0, 0, 0, 0, 
    0, 0, 0, 0, 0, 0, 0, 0, 0, 0, 0, 0, 0, 0, 0, 0, 0, 0, 0, 0, 0, 0, 0, 0, 0, 0, 0, 0, 0, 0, 0, 0, 0, 0, 0, 0, 0, 0, 0, 0, 
    0, 0, 0, 0, 0, 0, 0, 0, 0, 0, 0, 0, 0, 0, 0, 0, 0, 0, 0, 0, 0, 0, 0, 0, 0, 0, 0, 0, 0, 0, 0, 0, 0, 0, 0, 0, 0, 0, 0, 0, 
    0, 0, 0, 0, 0, 0, 0, 0, 0, 0, 0, 0, 0, 0, 0, 0, 0, 0, 0, 0, 0, 0, 0, 0, 0, 0, 0, 0, 0, 0, 0, 0, 0, 0, 0, 0, 0, 0, 0, 0, 
    0, 0x44BA4301, 0x44BA8501, 0, 0, 0, 0, 0, 0, 0, 0, 0, 0, 0, 0, 0, 0, 0, 0, 0, 0, 0, 0, 0, 0, 0, 0, 0, 0, 0, 0, 0, 0, 0, 
    0, 0, 0, 0, 0, 0, 0, 0, 0, 0, 0, 0, 0, 0, 0, 0, 0, 0, 0, 0, 0, 0, 0, 0, 0, 0, 0, 0, 0, 0, 0, 0, 0, 0, 0, 0, 0, 0, 0, 0, 
    0, 0, 0, 0, 0, 0, 0, 0, 0, 0x44CEC301, 0x44CF0301, 0, 0, 0, 0, 0, 0, 0, 0, 0, 0, 0, 0, 0, 0, 0x33B0203, 0x33D0203, 
    0x44D34501, 0, 0, 0, 0, 0, 0, 0, 0, 0, 0, 0, 0, 0, 0, 0, 0, 0, 0, 0, 0, 0, 0, 0, 0, 0x44D9B301, 0x44D9F301, 0x44DA3301, 
    0x44DA7301, 0x44DAB301, 0x44DAF301, 0x44DB3301, 0, 0, 0, 0x44DC3301, 0x44DC7301, 0x44DCB301, 0x44DCF301, 0x44DD3301, 0, 
    0, 0, 0, 0, 0, 0, 0, 0, 0, 0, 0, 0, 0, 0, 0, 0, 0, 0, 0, 0, 0, 0, 0, 0, 0, 0, 0, 0, 0, 0, 0, 0, 0, 0, 0, 0, 0, 0, 0, 0, 
    0, 0, 0, 0, 0, 0, 0, 0, 0, 0, 0, 0, 0, 0, 0, 0, 0, 0, 0, 0, 0, 0, 0, 0, 0, 0, 0, 0, 0, 0, 0, 0, 0, 0, 0, 0, 0x45108501, 
    0, 0, 0, 0x45118301, 0, 0, 0, 0, 0, 0, 0, 0, 0, 0, 0, 0, 0, 0, 0, 0, 0, 0, 0, 0, 0, 0, 0, 0x4517B301, 0, 0, 0, 0, 0, 0, 
    0, 0, 0, 0, 0, 0, 0, 0, 0, 0, 0, 0, 0, 0, 0, 0, 0, 0, 0, 0, 0, 0, 0, 0, 0, 0, 0, 0, 0, 0, 0, 0, 0, 0, 0, 0, 0, 0, 0, 0, 
    0, 0, 0, 0, 0, 0, 0, 0, 0, 0, 0, 0, 0, 0, 0, 0, 0, 0, 0, 0, 0, 0, 0, 0, 0, 0, 0, 0, 0, 0, 0, 0, 0, 0, 0, 0, 0, 0, 0, 0, 
    0, 0, 0, 0, 0, 0, 0x33F0203, 0x3410203, 0, 0x3430203, 0, 0, 0, 0x45308501, 0x4530C301, 0, 0, 0, 0, 0, 0, 0, 0, 0, 0, 0, 
    0, 0, 0, 0, 0, 0, 0, 0, 0, 0, 0, 0, 0, 0, 0, 0, 0, 0, 0, 0, 0, 0, 0, 0, 0, 0, 0, 0, 0, 0, 0, 0, 0, 0, 0, 0, 0, 0, 0, 0, 
    0, 0, 0, 0, 0, 0, 0, 0, 0, 0, 0, 0, 0, 0, 0, 0, 0, 0, 0, 0, 0, 0, 0, 0, 0, 0, 0, 0, 0, 0, 0, 0, 0, 0, 0, 0, 0, 0, 0, 0, 
    0, 0, 0, 0, 0, 0, 0, 0, 0, 0, 0, 0, 0, 0, 0, 0, 0, 0, 0, 0, 0, 0, 0, 0, 0, 0, 0, 0x3450203, 0x3470203, 0, 0, 0, 
    0x456FC501, 0x45700301, 0, 0, 0, 0, 0, 0, 0, 0, 0, 0, 0, 0, 0, 0, 0, 0, 0, 0, 0, 0, 0, 0, 0, 0, 0, 0, 0, 0, 0, 0, 0, 0, 
    0, 0, 0, 0, 0, 0, 0, 0, 0, 0, 0, 0, 0, 0, 0, 0, 0, 0, 0, 0, 0, 0, 0, 0, 0, 0, 0, 0, 0, 0, 0, 0, 0, 0, 0, 0, 0, 0, 0, 0, 
    0, 0, 0, 0, 0, 0, 0, 0, 0, 0, 0, 0, 0, 0, 0, 0, 0, 0, 0, 0, 0, 0, 0, 0, 0, 0, 0, 0, 0, 0, 0, 0, 0, 0, 0, 0, 0, 0, 0, 0, 
    0, 0, 0, 0, 0, 0, 0, 0, 0, 0, 0, 0, 0, 0, 0x458FC501, 0, 0, 0, 0, 0, 0, 0, 0, 0, 0, 0, 0, 0, 0, 0, 0, 0, 0, 0, 0, 0, 0, 
    0, 0, 0, 0, 0, 0, 0, 0, 0, 0, 0, 0, 0, 0, 0, 0, 0, 0, 0, 0, 0, 0, 0, 0, 0, 0, 0, 0, 0, 0, 0, 0, 0, 0, 0, 0, 0, 0, 0, 0, 
    0, 0, 0, 0, 0, 0, 0, 0, 0, 0, 0, 0, 0, 0, 0, 0, 0, 0, 0, 0, 0, 0, 0, 0, 0, 0, 0, 0, 0, 0, 0, 0, 0, 0, 0, 0, 0, 0, 0, 0, 
    0, 0, 0, 0, 0, 0, 0, 0, 0, 0, 0, 0, 0, 0, 0, 0, 0x45AD8501, 0x45ADC301, 0, 0, 0, 0, 0, 0, 0, 0, 0, 0, 0, 0, 0, 0, 0, 0, 
    0, 0, 0, 0, 0, 0, 0, 0, 0, 0, 0, 0, 0, 0, 0, 0, 0, 0, 0, 0, 0, 0, 0, 0, 0, 0, 0, 0, 0, 0, 0, 0, 0, 0, 0, 0, 0, 0, 0, 0, 
    0, 0, 0, 0, 0, 0, 0, 0, 0, 0, 0, 0, 0, 0, 0, 0, 0, 0, 0, 0, 0, 0, 0, 0, 0, 0, 0, 0, 0, 0, 0, 0, 0, 0, 0, 0, 0, 0, 0, 0, 
    0, 0, 0, 0, 0, 0, 0, 0, 0, 0, 0, 0, 0, 0, 0, 0, 0, 0, 0, 0x45CAC501, 0, 0, 0, 0, 0, 0, 0, 0, 0, 0, 0, 0, 0, 0, 0, 0, 0, 
    0, 0, 0, 0, 0, 0, 0, 0, 0, 0, 0, 0, 0, 0, 0, 0, 0, 0, 0, 0, 0, 0, 0, 0, 0, 0, 0, 0, 0, 0, 0, 0, 0, 0, 0, 0, 0, 0, 0, 0, 
    0, 0, 0, 0, 0, 0, 0, 0, 0, 0, 0, 0, 0, 0, 0, 0, 0, 0, 0, 0, 0, 0, 0, 0, 0, 0, 0, 0, 0, 0, 0, 0, 0, 0, 0, 0, 0, 0, 0, 0, 
    0, 0, 0, 0, 0, 0, 0, 0, 0, 0, 0, 0, 0, 0, 0, 0, 0, 0, 0, 0, 0, 0, 0, 0, 0, 0, 0, 0, 0, 0, 0, 0, 0, 0, 0, 0, 0, 0, 0, 0, 
    0, 0, 0, 0, 0x460E4501, 0x460E8301, 0, 0, 0, 0, 0, 0, 0, 0, 0, 0, 0, 0, 0, 0, 0, 0, 0, 0, 0, 0, 0, 0, 0, 0, 0, 0, 0, 0, 
    0, 0, 0, 0, 0, 0, 0, 0, 0, 0, 0, 0, 0, 0, 0, 0, 0, 0, 0, 0, 0, 0, 0, 0, 0, 0, 0, 0, 0, 0, 0, 0, 0, 0, 0, 0, 0, 0, 0, 0, 
    0, 0, 0, 0, 0, 0, 0, 0, 0, 0, 0, 0, 0, 0, 0, 0, 0, 0, 0, 0, 0, 0, 0, 0, 0, 0, 0, 0, 0, 0, 0, 0, 0, 0, 0, 0, 0, 0, 0, 0, 
    0, 0, 0, 0, 0, 0, 0, 0, 0, 0, 0, 0, 0, 0, 0, 0, 0, 0x3490203, 0, 0, 0, 0, 0x464F4501, 0x464F8501, 0, 0, 0, 0, 
    0x4650C301, 0, 0, 0, 0, 0, 0, 0, 0, 0, 0, 0, 0, 0, 0, 0, 0, 0, 0, 0, 0, 0, 0, 0, 0, 0, 0, 0, 0, 0, 0, 0, 0, 0, 0, 0, 0, 
    0, 0, 0, 0, 0, 0, 0, 0, 0, 0, 0, 0, 0, 0, 0, 0, 0, 0, 0, 0, 0, 0, 0, 0, 0, 0, 0, 0, 0, 0, 0, 0, 0, 0, 0, 0, 0, 0, 0, 0, 
    0, 0, 0, 0, 0, 0, 0, 0, 0, 0, 0, 0, 0, 0, 0, 0, 0, 0, 0, 0, 0, 0, 0, 0, 0, 0, 0, 0, 0, 0, 0, 0, 0, 0, 0, 0, 0, 0, 0, 0, 
    0, 0, 0, 0, 0, 0, 0, 0, 0, 0, 0, 0, 0, 0, 0, 0, 0, 0, 0, 0, 0, 0, 0, 0, 0, 0, 0, 0, 0, 0, 0, 0, 0, 0, 0, 0, 0, 0, 0, 0, 
    0x46780501, 0, 0, 0, 0, 0, 0, 0, 0, 0, 0, 0, 0, 0, 0, 0, 0, 0, 0, 0, 0, 0, 0, 0, 0, 0, 0, 0, 0, 0, 0, 0, 0, 0, 0, 0, 0, 
    0, 0, 0, 0, 0, 0, 0, 0, 0, 0, 0, 0, 0, 0, 0, 0, 0, 0, 0, 0, 0, 0, 0, 0, 0, 0, 0, 0, 0, 0, 0, 0, 0, 0, 0, 0, 0, 0, 0, 0, 
    0, 0, 0, 0, 0, 0, 0, 0x468D0501, 0, 0, 0, 0, 0, 0, 0, 0, 0, 0, 0, 0, 0, 0, 0, 0, 0, 0, 0x4691C501, 0, 0, 0, 0, 0, 0, 0, 
    0, 0, 0, 0, 0, 0, 0, 0, 0, 0, 0, 0, 0, 0, 0, 0, 0, 0, 0, 0, 0, 0, 0, 0, 0, 0, 0, 0, 0, 0, 0, 0, 0, 0, 0, 0, 0, 0, 0, 0, 
    0, 0, 0, 0, 0, 0, 0, 0, 0, 0, 0, 0, 0, 0, 0, 0, 0, 0, 0, 0, 0, 0, 0, 0, 0, 0, 0, 0, 0, 0, 0, 0, 0, 0, 0x46A64501, 0, 0, 
    0, 0, 0, 0, 0, 0, 0, 0, 0, 0, 0, 0, 0, 0, 0, 0, 0, 0, 0, 0, 0, 0, 0, 0, 0, 0, 0, 0, 0, 0, 0, 0, 0, 0, 0, 0, 0, 0, 0, 0, 
    0, 0, 0, 0, 0, 0, 0, 0, 0, 0, 0, 0, 0, 0, 0, 0, 0, 0, 0, 0, 0, 0, 0, 0, 0, 0, 0, 0, 0, 0, 0, 0, 0, 0, 0, 0, 0, 0, 0, 0, 
    0, 0, 0, 0, 0, 0, 0, 0, 0, 0, 0, 0, 0, 0, 0, 0, 0, 0, 0, 0, 0, 0, 0, 0, 0, 0, 0, 0, 0, 0, 0, 0, 0, 0, 0, 0, 0, 0, 0, 0, 
    0, 0, 0, 0, 0, 0, 0, 0, 0, 0, 0, 0, 0, 0, 0, 0, 0, 0, 0, 0, 0, 0, 0, 0, 0, 0, 0, 0, 0, 0, 0, 0, 0, 0, 0, 0, 0, 0, 0, 0, 
    0, 0, 0, 0x470FC501, 0, 0, 0, 0, 0, 0, 0, 0, 0, 0, 0, 0, 0, 0, 0, 0, 0, 0, 0, 0, 0, 0, 0, 0, 0, 0, 0, 0, 0, 0, 0, 0, 0, 
    0, 0, 0, 0, 0, 0, 0, 0, 0, 0, 0, 0, 0, 0, 0, 0, 0, 0, 0, 0, 0, 0, 0, 0, 0, 0, 0, 0, 0, 0, 0, 0, 0, 0, 0, 0, 0, 0, 0, 0, 
    0, 0, 0, 0, 0, 0, 0, 0, 0, 0, 0, 0, 0, 0, 0, 0, 0, 0, 0, 0, 0, 0, 0, 0, 0, 0, 0, 0, 0, 0, 0, 0, 0, 0, 0, 0, 0, 0, 0, 0, 
    0, 0, 0, 0, 0, 0, 0, 0, 0, 0, 0, 0, 0, 0, 0, 0, 0, 0x47508301, 0, 0x47510501, 0x47514501, 0, 0, 0, 0, 0, 0, 0, 0, 0, 0, 
    0, 0, 0, 0, 0, 0, 0, 0, 0, 0, 0, 0, 0, 0, 0, 0, 0, 0, 0, 0, 0, 0, 0, 0, 0, 0, 0, 0, 0, 0, 0, 0, 0, 0, 0, 0, 0, 0, 0, 0, 
    0, 0, 0, 0, 0, 0, 0, 0, 0, 0, 0, 0, 0, 0, 0, 0, 0, 0, 0, 0, 0, 0, 0, 0, 0, 0, 0, 0, 0, 0, 0, 0x4765C501, 0, 0, 0, 0, 0, 
    0, 0, 0, 0, 0, 0, 0, 0, 0, 0, 0, 0, 0, 0, 0, 0, 0, 0, 0, 0, 0, 0, 0, 0, 0, 0, 0, 0, 0, 0, 0, 0, 0, 0, 0, 0, 0, 0, 0, 0, 
    0, 0, 0, 0, 0, 0, 0, 0, 0, 0, 0, 0, 0, 0, 0, 0, 0, 0, 0, 0, 0, 0, 0, 0, 0, 0, 0, 0, 0, 0, 0, 0, 0, 0, 0, 0, 0, 0, 0, 0, 
    0, 0, 0, 0, 0, 0, 0, 0, 0, 0, 0, 0, 0, 0, 0, 0, 0, 0, 0, 0, 0, 0, 0, 0, 0, 0, 0, 0, 0, 0, 0, 0, 0, 0, 0, 0, 0, 0, 0, 0, 
    0, 0, 0, 0, 0, 0, 0, 0, 0, 0, 0, 0, 0, 0, 0, 0, 0, 0, 0, 0, 0, 0, 0, 0, 0, 0, 0, 0, 0, 0, 0, 0, 0, 0, 0, 0, 0, 0, 0, 0, 
    0, 0, 0, 0, 0x47D04501, 0x47D08501, 0, 0, 0, 0, 0, 0, 0, 0, 0, 0, 0, 0, 0, 0, 0, 0, 0, 0, 0, 0, 0, 0, 0, 0, 0, 0, 0, 0, 
    0, 0, 0, 0, 0, 0, 0, 0, 0, 0, 0, 0, 0, 0, 0, 0, 0, 0, 0, 0, 0, 0, 0, 0, 0, 0, 0, 0, 0, 0, 0, 0, 0, 0, 0, 0, 0, 0, 0, 0, 
    0, 0, 0, 0, 0, 0, 0, 0, 0, 0, 0, 0, 0, 0, 0, 0, 0, 0, 0, 0, 0, 0, 0, 0, 0, 0, 0, 0, 0, 0, 0, 0, 0, 0, 0, 0, 0, 0, 0, 0, 
    0, 0, 0, 0, 0, 0, 0, 0, 0, 0, 0, 0, 0, 0, 0, 0, 0, 0, 0, 0, 0, 0, 0, 0, 0, 0, 0, 0, 0, 0, 0, 0, 0, 0, 0, 0, 0, 0, 0, 0, 
    0, 0, 0, 0, 0, 0, 0, 0, 0, 0, 0, 0, 0, 0, 0, 0, 0, 0, 0, 0, 0, 0, 0, 0, 0, 0x5ABC0101, 0x5ABC4101, 0x5ABC8101, 
    0x5ABCC101, 0x5ABD0101, 0, 0, 0, 0, 0, 0, 0, 0, 0, 0, 0, 0, 0, 0, 0, 0, 0, 0, 0, 0, 0, 0, 0, 0, 0, 0, 0, 0, 0, 0, 0, 0, 
    0, 0, 0, 0, 0, 0, 0, 0, 0, 0, 0, 0, 0, 0, 0, 0, 0, 0, 0, 0, 0, 0, 0, 0, 0, 0, 0, 0x5ACC3301, 0x5ACC7301, 0x5ACCB301, 
    0x5ACCF301, 0x5ACD3301, 0x5ACD7301, 0x5ACDB301, 0, 0, 0, 0, 0, 0, 0, 0, 0, 0, 0, 0, 0, 0, 0, 0, 0, 0, 0, 0, 0, 0, 0, 0, 
    0, 0, 0, 0, 0, 0, 0, 0, 0, 0, 0, 0, 0, 0, 0, 0, 0, 0, 0, 0, 0, 0, 0, 0, 0, 0, 0, 0, 0, 0, 0, 0, 0, 0, 0, 0, 0, 0, 0, 0, 
    0, 0, 0, 0, 0, 0, 0, 0, 0, 0, 0, 0, 0, 0, 0, 0, 0, 0, 0, 0, 0, 0, 0, 0, 0, 0, 0, 0, 0, 0, 0, 0, 0, 0, 0, 0, 0, 0, 0, 0, 
    0, 0, 0, 0, 0, 0, 0, 0, 0, 0, 0, 0, 0, 0, 0, 0, 0, 0, 0, 0, 0, 0, 0, 0, 0, 0, 0, 0, 0, 0, 0, 0, 0, 0, 0, 0, 0, 0, 0, 0, 
    0, 0, 0, 0, 0, 0, 0, 0, 0, 0, 0, 0, 0, 0, 0, 0, 0, 0, 0, 0, 0, 0, 0, 0, 0, 0, 0, 0, 0, 0, 0, 0, 0, 0, 0, 0, 0, 0, 0, 0, 
    0, 0x5BFC0201, 0x5BFC4201, 0, 0, 0, 0, 0, 0, 0, 0, 0, 0, 0, 0, 0, 0, 0, 0, 0, 0, 0, 0, 0, 0, 0, 0, 0, 0, 0, 0, 0, 0, 0, 
    0, 0, 0, 0, 0, 0, 0, 0, 0, 0, 0, 0, 0, 0x6F278101, 0, 0, 0, 0, 0, 0, 0, 0, 0, 0, 0, 0, 0, 0, 0, 0, 0, 0, 0, 0, 0, 0, 0, 
    0, 0, 0, 0, 0, 0, 0, 0, 0, 0, 0, 0, 0, 0, 0, 0, 0, 0, 0, 0, 0, 0, 0, 0, 0, 0, 0, 0, 0, 0, 0, 0, 0, 0, 0, 0, 0, 0, 0, 0, 
    0, 0, 0, 0, 0, 0, 0, 0, 0, 0, 0, 0, 0, 0, 0, 0, 0, 0, 0, 0, 0, 0, 0, 0, 0, 0, 0, 0, 0, 0, 0, 0, 0, 0, 0, 0, 0, 0, 0, 0, 
    0, 0, 0, 0, 0, 0, 0, 0, 0, 0, 0, 0, 0, 0, 0, 0, 0, 0, 0, 0, 0, 0, 0, 0, 0, 0, 0, 0, 0, 0, 0, 0, 0, 0, 0, 0, 0, 0, 0, 0, 
    0, 0, 0, 0, 0, 0, 0, 0, 0, 0, 0, 0, 0, 0, 0, 0, 0, 0, 0, 0, 0, 0, 0, 0, 0, 0, 0, 0, 0, 0, 0, 0, 0, 0, 0, 0, 0, 0, 0, 0, 
    0, 0, 0, 0, 0, 0, 0, 0, 0x34B0203, 0x34D0203, 0x34F0303, 0x3520303, 0x3550303, 0x3580303, 0x35B0303, 0x74596C01, 
    0x7459AC01, 0x7459C101, 0x745A0101, 0x745A4101, 0, 0, 0, 0x745B7101, 0x745BAC01, 0x745BEC01, 0x745C2C01, 0x745C6C01, 
    0x745CAC01, 0, 0, 0, 0, 0, 0, 0, 0, 0x745EEE01, 0x745F2E01, 0x745F6E01, 0x745FAE01, 0x745FEE01, 0x74602E01, 0x74606E01, 
    0x7460AE01, 0, 0, 0x74617301, 0x7461B301, 0x7461F301, 0x74623301, 0x74627301, 0x7462AE01, 0x7462EE01, 0, 0, 0, 0, 0, 0, 
    0, 0, 0, 0, 0, 0, 0, 0, 0, 0, 0, 0, 0, 0, 0, 0, 0, 0, 0, 0, 0, 0, 0, 0, 0x746AB301, 0x746AF301, 0x746B3301, 0x746B7301, 
    0, 0, 0, 0, 0, 0, 0, 0, 0, 0, 0, 0, 0, 0x35E0203, 0x3600203, 0x3620303, 0x3650303, 0x3680303, 0x36B0303, 0, 0, 0, 0, 0, 
    0, 0, 0, 0, 0, 0, 0, 0, 0, 0, 0, 0, 0, 0, 0, 0, 0, 0, 0, 0, 0, 0, 0, 0, 0, 0, 0, 0, 0, 0, 0, 0, 0, 0, 0, 0, 0, 0, 0, 0, 
    0, 0, 0, 0, 0, 0, 0, 0, 0, 0, 0, 0, 0, 0, 0, 0, 0, 0, 0, 0, 0, 0, 0, 0, 0, 0, 0, 0, 0, 0, 0, 0, 0, 0, 0, 0, 0, 0, 0, 0, 
    0, 0, 0, 0, 0, 0, 0, 0, 0, 0, 0, 0, 0, 0, 0, 0, 0, 0, 0, 0, 0, 0, 0, 0, 0, 0, 0, 0, 0, 0, 0, 0, 0, 0, 0, 0, 0, 0, 0, 0, 
    0, 0, 0, 0, 0x7490B301, 0x7490F301, 0x74913301, 0, 0, 0, 0, 0, 0, 0, 0, 0, 0, 0, 0, 0, 0, 0, 0, 0, 0, 0, 0, 0, 0, 0, 0, 
    0, 0, 0, 0, 0, 0, 0, 0, 0, 0, 0, 0, 0, 0, 0, 0, 0, 0, 0, 0, 0, 0, 0, 0, 0, 0, 0, 0, 0, 0, 0, 0, 0, 0, 0, 0x78003301, 
    0x78007301, 0x7800B301, 0x7800F301, 0x78013301, 0x78017301, 0x7801B301, 0, 0x78023301, 0x78027301, 0x7802B301, 
    0x7802F301, 0x78033301, 0x78037301, 0x7803B301, 0x7803F301, 0x78043301, 0x78047301, 0x7804B301, 0x7804F301, 0x78053301, 
    0x78057301, 0x7805B301, 0x7805F301, 0x78063301, 0, 0, 0x7806F301, 0x78073301, 0x78077301, 0x7807B301, 0x7807F301, 
    0x78083301, 0x78087301, 0, 0x7808F301, 0x78093301, 0, 0x7809B301, 0x7809F301, 0x780A3301, 0x780A7301, 0x780AB301, 0, 0, 
    0, 0, 0, 0, 0, 0, 0, 0, 0, 0, 0, 0, 0, 0, 0, 0, 0, 0, 0, 0, 0, 0, 0, 0, 0, 0, 0, 0, 0, 0, 0, 0, 0, 0, 0, 0, 0, 0, 0, 0, 
    0, 0, 0, 0, 0, 0, 0, 0, 0, 0, 0, 0, 0, 0, 0, 0, 0, 0, 0, 0, 0, 0, 0, 0, 0, 0, 0, 0, 0, 0, 0, 0, 0, 0, 0, 0, 0, 0, 0, 0, 
    0, 0, 0, 0, 0, 0, 0, 0, 0, 0, 0, 0, 0, 0, 0, 0, 0, 0, 0x7823F301, 0, 0, 0, 0, 0, 0, 0, 0, 0, 0, 0, 0, 0, 0, 0, 0, 0, 0, 
    0, 0, 0, 0, 0, 0, 0, 0, 0, 0, 0, 0, 0, 0, 0, 0, 0, 0, 0, 0, 0, 0, 0, 0, 0, 0, 0, 0, 0, 0, 0, 0, 0, 0, 0, 0, 0, 0, 0, 0, 
    0, 0, 0, 0, 0, 0, 0, 0, 0, 0, 0, 0, 0, 0, 0, 0, 0, 0, 0, 0, 0, 0, 0, 0, 0, 0, 0, 0, 0, 0, 0, 0, 0, 0, 0, 0, 0, 0, 0, 0, 
    0, 0, 0, 0, 0, 0, 0, 0, 0, 0, 0, 0, 0, 0, 0, 0, 0, 0, 0, 0, 0, 0, 0, 0, 0, 0, 0, 0, 0, 0, 0, 0, 0, 0, 0, 0, 0, 0, 0, 0, 
    0, 0, 0, 0, 0, 0, 0, 0, 0, 0, 0, 0, 0, 0, 0, 0, 0, 0, 0, 0, 0, 0, 0x784C3301, 0x784C7301, 0x784CB301, 0x784CF301, 
    0x784D3301, 0x784D7301, 0x784DB301, 0, 0, 0, 0, 0, 0, 0, 0, 0, 0, 0, 0, 0, 0, 0, 0, 0, 0, 0, 0, 0, 0, 0, 0, 0, 0, 0, 0, 
    0, 0, 0, 0, 0, 0, 0, 0, 0, 0, 0, 0, 0, 0, 0, 0, 0, 0, 0, 0, 0, 0, 0, 0, 0, 0, 0, 0, 0, 0, 0, 0, 0, 0, 0, 0, 0, 0, 0, 0, 
    0, 0, 0, 0, 0, 0, 0, 0, 0, 0, 0, 0, 0, 0, 0, 0, 0, 0, 0, 0, 0, 0, 0, 0, 0, 0, 0, 0, 0, 0, 0, 0, 0, 0, 0, 0, 0, 0, 0, 0, 
    0, 0, 0, 0, 0, 0, 0, 0, 0, 0, 0, 0x78ABB301, 0, 0, 0, 0, 0, 0, 0, 0, 0, 0, 0, 0, 0, 0, 0, 0, 0, 0, 0, 0, 0, 0, 0, 0, 0, 
    0, 0, 0, 0, 0, 0, 0, 0, 0, 0, 0, 0, 0, 0, 0, 0, 0, 0, 0, 0, 0, 0, 0, 0, 0, 0, 0, 0, 0, 0, 0, 0, 0, 0, 0, 0, 0x78BB3301, 
    0x78BB7301, 0x78BBB301, 0x78BBF301, 0, 0, 0, 0, 0, 0, 0, 0, 0, 0, 0, 0, 0, 0, 0, 0, 0, 0, 0, 0, 0, 0, 0, 0, 0, 0, 0, 0, 
    0, 0, 0, 0, 0, 0, 0, 0, 0, 0, 0, 0, 0, 0, 0, 0, 0, 0, 0, 0, 0, 0, 0, 0, 0, 0, 0, 0, 0, 0, 0, 0, 0, 0, 0, 0, 0, 0, 0, 0, 
    0, 0, 0, 0, 0, 0, 0, 0, 0, 0, 0, 0, 0, 0, 0, 0, 0, 0, 0, 0, 0, 0, 0, 0, 0, 0, 0, 0, 0, 0, 0, 0, 0, 0, 0, 0, 0, 0, 0, 0, 
    0, 0, 0, 0, 0, 0, 0, 0, 0, 0, 0, 0, 0, 0, 0, 0, 0x793B3401, 0x793B7401, 0x793BAE01, 0x793BF301, 0, 0, 0, 0, 0, 0, 0, 0, 
    0, 0, 0, 0, 0, 0, 0, 0, 0, 0, 0, 0, 0, 0, 0, 0, 0, 0, 0, 0, 0, 0, 0, 0, 0, 0, 0, 0, 0, 0, 0, 0, 0, 0, 0, 0, 0, 0, 0, 0, 
    0, 0, 0, 0, 0, 0, 0, 0, 0, 0, 0, 0, 0, 0, 0, 0, 0, 0, 0, 0, 0, 0, 0, 0, 0, 0, 0, 0, 0, 0, 0, 0, 0, 0, 0, 0, 0, 0, 0, 0, 
    0, 0, 0, 0, 0, 0, 0, 0, 0x7A342E01, 0x7A346E01, 0x7A34AE01, 0x7A34EE01, 0x7A352E01, 0x7A356E01, 0x7A35AE01, 0, 0, 0, 0, 
    0, 0, 0, 0, 0, 0, 0, 0, 0, 0, 0, 0, 0, 0, 0, 0, 0, 0, 0, 0, 0, 0, 0, 0, 0, 0, 0, 0, 0, 0, 0, 0, 0, 0, 0, 0, 0, 0, 0, 0, 
    0, 0, 0, 0, 0, 0, 0, 0, 0, 0, 0, 0, 0, 0, 0, 0, 0, 0, 0, 0, 0, 0, 0, 0, 0, 0, 0, 0, 0, 0, 0, 0, 0, 0, 0, 0, 0, 0, 0, 0, 
    0, 0, 0, 0, 0, 0, 0, 0, 0, 0, 0, 0, 0, 0, 0, 0, 0, 0, 0, 0, 0, 0, 0, 0, 0, 0x7A513301, 0x7A517301, 0x7A51B301, 
    0x7A51F301, 0x7A523301, 0x7A527301, 0x7A528301, 0, 0, 0, 0, 0, 0, 0, 0, 0, 0, 0, 0, 0, 0, 0, 0, 0, 0, 0, 0, 0, 0, 0, 0, 
    0, 0, 0, 0, 0, 0, 0, 0, 0, 0, 0, 0, 0, 0, 0, 0, 0, 0, 0, 0, 0, 0, 0, 0, 0, 0, 0, 0, 0, 0x138F4002, 0x138E0002, 
    0x13904002, 0x80488002, 0x13D80002, 0x13EB8002, 0x13EEC002, 0x14008002, 0x141E8002, 0x14264002, 0x1439C002, 0x1433C002, 
    0xD278002, 0x818E8002, 0x14534002, 0x14550002, 0x14590002, 0x145DC002, 0x81470002, 0xD2E4002, 0x1459C002, 0x14634002, 
    0x8152C002, 0x1465C002, 0x14690002, 0x13B30002, 0x146B0002, 0x146D4002, 0xA477C002, 0x147D4002, 0x1480C002, 0xD37C002, 
    0x148EC002, 0x14918002, 0x149C8002, 0x149DC002, 0xD454002, 0x14B1C002, 0x14B24002, 0x14B90002, 0x14BE8002, 0x14C14002, 
    0x14C18002, 0x14C5C002, 0x14D24002, 0x14D44002, 0x14D68002, 0x14DCC002, 0x14DF4002, 0x14DFC002, 0x14DFC002, 0x14DFC002, 
    0x828B0002, 0x1C1C0002, 0x14F28002, 0x14F7C002, 0x82D8C002, 0x14FAC002, 0x14FC4002, 0x15018002, 0x15278002, 0x150E0002, 
    0x15120002, 0x151A0002, 0x15288002, 0x153D8002, 0x15440002, 0x1554C002, 0x1558C002, 0x15610002, 0x15610002, 0x15664002, 
    0x156AC002, 0x156CC002, 0x15708002, 0x15C58002, 0x15818002, 0x15C5C002, 0x15944002, 0x159D0002, 0x1481C002, 0x163B8002, 
    0x15F38002, 0x15FD0002, 0x16034002, 0x15E2C002, 0x160C8002, 0x160C4002, 0x162B0002, 0x85390002, 0x163C8002, 0x163DC002, 
    0x16418002, 0x16468002, 0x16488002, 0x16588002, 0x85AA0002, 0x85BA8002, 0x167B0002, 0x1686C002, 0x1689C002, 0x16760002, 
    0x16998002, 0xDBB8002, 0xDBF0002, 0x16C20002, 0x16CF8002, 0x16CF8002, 0x86720002, 0x16F0C002, 0x16F60002, 0x16F9C002, 
    0x16FCC002, 0x86C60002, 0x16FFC002, 0x17018002, 0x17D4C002, 0x17088002, 0xDE04002, 0x17180002, 0x171B8002, 0x17300002, 
    0x17234002, 0x87790002, 0x1750C002, 0x87798002, 0x175B8002, 0x175AC002, 0x175F0002, 0x17784002, 0x17788002, 0xE0BC002, 
    0x177F4002, 0x178A0002, 0x178F4002, 0x179A4002, 0xE188002, 0x8860C002, 0xE1F0002, 0x17AC0002, 0x17ACC002, 0x17AD8002, 
    0x17B28002, 0xA8E48002, 0x17BF8002, 0x88CC4002, 0x88CC4002, 0x20804002, 0x17C88002, 0x17C88002, 0xE31C002, 0x8CAE0002, 
    0x98768002, 0x17D88002, 0x17DAC002, 0xE38C002, 0x17E68002, 0x17F34002, 0x17F5C002, 0x17FE4002, 0x18204002, 0xE4E8002, 
    0xE470002, 0x18250002, 0x89B50002, 0x1831C002, 0x18520002, 0x18530002, 0x18538002, 0x18530002, 0x185E8002, 0x18638002, 
    0x186C8002, 0x18690002, 0x186BC002, 0x18778002, 0x187C8002, 0x187D8002, 0x18840002, 0x1886C002, 0x18974002, 0x18AC4002, 
    0x18B50002, 0x18D40002, 0x8AC30002, 0x18CF4002, 0x18BF0002, 0x18DA0002, 0x18E0C002, 0x18F90002, 0x8AFC4002, 0x19088002, 
    0x18F14002, 0x18EA4002, 0xE8B8002, 0x191A4002, 0x191F8002, 0x19274002, 0x191DC002, 0xE9B0002, 0x1953C002, 0x195B0002, 
    0x8C028002, 0x1978C002, 0x19BE0002, 0x19924002, 0xEC64002, 0x19A44002, 0xEC20002, 0xEB90002, 0x14648002, 0x14654002, 
    0x19C00002, 0x19A70002, 0x202B4002, 0x10F64002, 0x19C5C002, 0x19C6C002, 0x19C84002, 0x19D78002, 0x19D4C002, 0x8CF0C002, 
    0xED24002, 0x19FE8002, 0x19E14002, 0x1A148002, 0x1A214002, 0x8D1B4002, 0x1A238002, 0x1A07C002, 0x1A450002, 0xEE74002, 
    0x1A508002, 0x1A68C002, 0x1A7A8002, 0x1AAA0002, 0x8DA8C002, 0x1AB6C002, 0xF060002, 0x1AC84002, 0x8E29C002, 0x1AD50002, 
    0xF138002, 0x1ADC8002, 0x1AE7C002, 0x1AEE8002, 0x1AEEC002, 0x8EA34002, 0x8742C002, 0x8EBE8002, 0x1B138002, 0x8F2F0002, 
    0x1B2FC002, 0x1B334002, 0x1B19C002, 0x1B458002, 0x1B4F8002, 0x1B5DC002, 0x1B504002, 0x1B5A4002, 0x1B5E0002, 0x1B614002, 
    0x8F478002, 0x1B4D0002, 0x1B8BC002, 0x1B9B8002, 0xF4CC002, 0x1BB2C002, 0x1BB1C002, 0x8FB44002, 0x1B7E4002, 0x1BDB8002, 
    0x8FD78002, 0x8FE38002, 0x1BF18002, 0x1C0E4002, 0x1C078002, 0x1C06C002, 0xF658002, 0x1C128002, 0x1C1F4002, 0x1C1DC002, 
    0x1C2B4002, 0x81494002, 0x1C514002, 0x9098C002, 0x1C670002, 0x90EAC002, 0x1C8A0002, 0x1C8D4002, 0x1C940002, 0x91820002, 
    0x1CA00002, 0x1CA54002, 0x91CD4002, 0x92050002, 0x1CDE8002, 0x1CE2C002, 0xFAB0002, 0x1CE94002, 0xFAE0002, 0xFAE0002, 
    0x1D11C002, 0x1D170002, 0x1D1C4002, 0x1D214002, 0x1D328002, 0xFC6C002, 0x1D490002, 0x930D8002, 0x1D4F8002, 0x93248002, 
    0x1D5C0002, 0x8867C002, 0x1D840002, 0x93E84002, 0x93EE0002, 0x94110002, 0xFFF0002, 0x10020002, 0x1DBD0002, 0x943CC002, 
    0x943C8002, 0x94464002, 0x944CC002, 0x1DC78002, 0x1DC7C002, 0x1DC7C002, 0x1DD28002, 0x100E4002, 0x1DE2C002, 0x10118002, 
    0x10258002, 0x95074002, 0x1E138002, 0x1E230002, 0x1E330002, 0x1038C002, 0x95898002, 0x1E558002, 0x95A68002, 0x95B14002, 
    0x1E63C002, 0x1E7AC002, 0x104BC002, 0x1E900002, 0x1E928002, 0x1E93C002, 0x965F0002, 0x96A9C002, 0x96A9C002, 0x1EBB8002, 
    0x10808002, 0x96EAC002, 0x1EF18002, 0x1EF24002, 0x1089C002, 0x97200002, 0x1F348002, 0x10A80002, 0x1F3A0002, 0x1F38C002, 
    0x1F400002, 0x97E18002, 0x1F58C002, 0x10C04002, 0x1F71C002, 0x1F808002, 0x1F914002, 0x10CD0002, 0x988A0002, 0x9891C002, 
    0x10D64002, 0x98B64002, 0x1FDE8002, 0x98CF8002, 0x1FE54002, 0x1FFE8002, 0x20014002, 0x99368002, 0x9948C002, 0x20180002, 
    0x996A0002, 0x201C0002, 0x8CD7C002, 0x10F54002, 0x202C8002, 0x2040C002, 0x1102C002, 0x204F8002, 0x16AD4002, 0x99E9C002, 
    0x99ED4002, 0x8CE4C002, 0x8CE70002, 0x20804002, 0x20810002, 0x23E78002, 0x111AC002, 0x20A44002, 0x20A2C002, 0x20A74002, 
    0x14ACC002, 0x20AC4002, 0x20ACC002, 0x20AF4002, 0x20B98002, 0x9ACF0002, 0x20B94002, 0x20C74002, 0x20D8C002, 0x20EB4002, 
    0x20C8C002, 0x20EF4002, 0x20F9C002, 0x2115C002, 0x20D4C002, 0x20F28002, 0x20F30002, 0x20F70002, 0x9B0D8002, 0x9B5AC002, 
    0x9B354002, 0x114AC002, 0x213C4002, 0x213CC002, 0x21458002, 0x9CF28002, 0x21590002, 0x9BCB0002, 0x11574002, 0x11584002, 
    0x9BEC4002, 0x9C348002, 0x115AC002, 0x21940002, 0x21970002, 0x2199C002, 0x219A4002, 0x21AA4002, 0x21A20002, 0x21C38002, 
    0x21B88002, 0x21DE4002, 0x21CA0002, 0x21DAC002, 0x21E18002, 0x1175C002, 0x21F84002, 0x22004002, 0x117E4002, 0x22180002, 
    0x2218C002, 0x9D99C002, 0x2235C002, 0x22378002, 0x118D4002, 0x223E8002, 0xD2EC002, 0x9E2B8002, 0x9E598002, 0x11AF8002, 
    0x11B1C002, 0x22A80002, 0x22BB4002, 0x22E28002, 0x23154002, 0x9F2A0002, 0x232AC002, 0x23304002, 0x2346C002, 0x235DC002, 
    0x9FCBC002, 0x82010002, 0x2372C002, 0x236F0002, 0x237C0002, 0x82378002, 0x23B50002, 0x23CE0002, 0xA1748002, 0xA17B4002, 
    0x24250002, 0x243C4002, 0x24444002, 0xA1CB8002, 0x2446C002, 0x248E0002, 0x24B5C002, 0x24B60002, 0x249F0002, 0x24FE4002, 
    0x25054002, 0xA2FE8002, 0x2562C002, 0x12654002, 0x256DC002, 0xA35DC002, 0x12798002, 0x25B0C002, 0x176C8002, 0x25C8C002, 
    0xA4514002, 0xA4868002, 0x129B8002, 0x129D8002, 0x25F80002, 0xA5028002, 0x12AC8002, 0xA5258002, 0x2602C002, 0x2602C002, 
    0x260A4002, 0xA56D8002, 0x26388002, 0x12CCC002, 0x264A4002, 0x2669C002, 0x26708002, 0x267F8002, 0x12F38002, 0xA6CC0002, 
    0x26C48002, 0x27100002, 0x273F4002, 0x13338002, 0x133B4002, 0x2759C002, 0xA8338002, 0x133E0002, 0xA8414002, 0xA8838002, 
    0xA8A44002, 0x27AEC002, 0x13558002, 0x27BE4002, 0x27BF8002, 0x27C14002, 0x27C3C002, 0x27C58002, 0x27CEC002, 0xA9800002, 
    0, 0, 0, 0, 0, 0, 0, 0, 0, 0, 0, 0, 0, 0, 0, 0, 0, 0, 0, 0, 0, 0, 0, 0, 0, 0, 0, 0, 0, 0, 0, 0, 0, 0, 0, 0, 0, 0, 0, 0, 
    0, 0, 0, 0, 0, 0, 0, 0, 0, 0, 0, 0, 0, 0, 0, 0, 0, 0, 0, 0, 0, 0, 0, 0, 0, 0, 0, 0, 0, 0, 0, 0, 0, 0, 0, 0, 0, 0, 0, 0, 
    0, 0, 0, 0, 0, 0, 0, 0, 0, 0, 0, 0, 0, 0, 0, 0, 0, 0, 0x4, 0x4, 0x4, 0x4, 0x4, 0x4, 0x4, 0x4, 0x4, 0x4, 0x4, 0x4, 0x4, 
    0x4, 0x4, 0x4, 0x4, 0x4, 0x4, 0x4, 0x4, 0x4, 0x4, 0x4, 0x4, 0x4, 0x4, 0x4, 0x4, 0x4, 0x4, 0x4, 0x4, 0x4, 0x4, 0x4, 0x4, 
    0x4, 0x4, 0x4, 0x4, 0x4, 0x4, 0x4, 0x4, 0x4, 0x4, 0x4, 0x4, 0x4, 0x4, 0x4, 0x4, 0x4, 0x4, 0x4, 0x4, 0x4, 0x4, 0x4, 0x4, 
    0x4, 0x4, 0x4, 0x4, 0x4, 0x4, 0x4, 0x4, 0x4, 0x4, 0x4, 0x4, 0x4, 0x4, 0x4, 0x4, 0x4, 0x4, 0x4, 0x4, 0x4, 0x4, 0x4, 0x4, 
    0x4, 0x4, 0x4, 0x4, 0x4, 0x4, 0x4, 0x4, 0x4, 0x4, 0x4, 0x4, 0x4, 0x4, 0x4, 0x4, 0x4, 0x4, 0x4, 0x4, 0x4, 0x4, 0x4, 0x4, 
    0x4, 0x4, 0x4, 0x4, 0x4, 0x4, 0x4, 0x4, 0x4, 0x4, 0x4, 0x4, 0x4, 0x4, 0x4, 0x4, 0x4, 0x4, 0x4, 0x4, 0x4, 0x4, 0x4, 0x4, 
    0x4, 0x4, 0x4, 0x4, 0x4, 0x4, 0x4, 0x4, 0x4, 0x4, 0x4, 0x4, 0x4, 0x4, 0x4, 0x4, 0x4, 0x4, 0x4, 0x4, 0x4, 0x4, 0x4, 0x4, 
    0x4, 0x4, 0x4, 0x4, 0x4, 0x4, 0x4, 0, 0, 0, 0, 0, 0, 0, 0, 0, 0, 0, 0, 0, 0, 0, 0, 0, 0, 0, 0, 0, 0, 0, 0, 0, 0, 0, 0, 
    0, 0, 0, 0, 0, 0, 0, 0, 0, 0, 0, 0, 0, 0, 0, 0, 0, 0, 0, 0, 0, 0, 0, 0, 0, 0, 0, 0, 0, 0, 0, 0, 0, 0, 0, 0, 0, 0, 0, 0, 
    0, 0, 0, 0, 0, 0, 0, 0, 0, 0, 0, 0, 0, 0, 0, 0, 0, 0, 0, 0, 0, 0, 0, 0, 
  ],
  expansions: &[
    0x5500, 0x30833, 0x30433, 0x7500, 0x30833, 0x30433, 0x5500, 0x30833, 0x30133, 0x7500, 0x30833, 0x30133, 0x5500, 
    0x30833, 0x30C33, 0x7500, 0x30833, 0x30C33, 0x5500, 0x30833, 0x30033, 0x7500, 0x30833, 0x30033, 0x4100, 0x30833, 
    0x30433, 0x6100, 0x30833, 0x30433, 0x4100, 0x30733, 0x30433, 0x6100, 0x30733, 0x30433, 0x4F00, 0x3282A, 0x30433, 
    0x6F00, 0x3282A, 0x30433, 0x4100, 0x30A33, 0x30133, 0x6100, 0x30A33, 0x30133, 0x4F00, 0x30833, 0x30433, 0x6F00, 
    0x30833, 0x30433, 0x4F00, 0x30333, 0x30433, 0x6F00, 0x30333, 0x30433, 0x4F00, 0x30733, 0x30433, 0x6F00, 0x30733, 
    0x30433, 0x30033, 0x30133, 0x31333, 0x30833, 0x30133, 0x3B900, 0x30833, 0x30133, 0x3C500, 0x30833, 0x30133, 0xCC600, 
    0xCC200, 0xCD500, 0xDD900, 0xDCF00, 0xDCA05, 0xF7127, 0xF7228, 0xF7127, 0xF7429, 0xF7127, 0xF8028, 0x4300, 0x3272A, 
    0x30133, 0x6300, 0x3272A, 0x30133, 0x4500, 0x30433, 0x30033, 0x6500, 0x30433, 0x30033, 0x4500, 0x30433, 0x30133, 
    0x6500, 0x30433, 0x30133, 0x4500, 0x3272A, 0x30633, 0x6500, 0x3272A, 0x30633, 0x4900, 0x30833, 0x30133, 0x6900, 
    0x30833, 0x30133, 0x4C00, 0x3232E, 0x30433, 0x6C00, 0x3232E, 0x30433, 0x4F00, 0x30333, 0x30133, 0x6F00, 0x30333, 
    0x30133, 0x4F00, 0x30333, 0x30833, 0x6F00, 0x30333, 0x30833, 0x4F00, 0x30433, 0x30033, 0x6F00, 0x30433, 0x30033, 
    0x4F00, 0x30433, 0x30133, 0x6F00, 0x30433, 0x30133, 0x5200, 0x3232E, 0x30433, 0x7200, 0x3232E, 0x30433, 0x5300, 
    0x30133, 0x30733, 0x7300, 0x30133, 0x30733, 0x5300, 0x30C33, 0x30733, 0x7300, 0x30C33, 0x30733, 0x5300, 0x3232E, 
    0x30733, 0x7300, 0x3232E, 0x30733, 0x5500, 0x30333, 0x30133, 0x7500, 0x30333, 0x30133, 0x5500, 0x30433, 0x30833, 
    0x7500, 0x30433, 0x30833, 0x4100, 0x30233, 0x30133, 0x6100, 0x30233, 0x30133, 0x4100, 0x30233, 0x30033, 0x6100, 
    0x30233, 0x30033, 0x4100, 0x30233, 0x30933, 0x6100, 0x30233, 0x30933, 0x4100, 0x30233, 0x30333, 0x6100, 0x30233, 
    0x30333, 0x4100, 0x3232E, 0x30233, 0x6100, 0x3232E, 0x30233, 0x4100, 0x30633, 0x30133, 0x6100, 0x30633, 0x30133, 
    0x4100, 0x30633, 0x30033, 0x6100, 0x30633, 0x30033, 0x4100, 0x30633, 0x30933, 0x6100, 0x30633, 0x30933, 0x4100, 
    0x30633, 0x30333, 0x6100, 0x30633, 0x30333, 0x4100, 0x3232E, 0x30633, 0x6100, 0x3232E, 0x30633, 0x4500, 0x30233, 
    0x30133, 0x6500, 0x30233, 0x30133, 0x4500, 0x30233, 0x30033, 0x6500, 0x30233, 0x30033, 0x4500, 0x30233, 0x30933, 
    0x6500, 0x30233, 0x30933, 0x4500, 0x30233, 0x30333, 0x6500, 0x30233, 0x30333, 0x4500, 0x3232E, 0x30233, 0x6500, 
    0x3232E, 0x30233, 0x4F00, 0x30233, 0x30133, 0x6F00, 0x30233, 0x30133, 0x4F00, 0x30233, 0x30033, 0x6F00, 0x30233, 
    0x30033, 0x4F00, 0x30233, 0x30933, 0x6F00, 0x30233, 0x30933, 0x4F00, 0x30233, 0x30333, 0x6F00, 0x30233, 0x30333, 
    0x4F00, 0x3232E, 0x30233, 0x6F00, 0x3232E, 0x30233, 0x4F00, 0x31B2C, 0x30133, 0x6F00, 0x31B2C, 0x30133, 0x4F00, 
    0x31B2C, 0x30033, 0x6F00, 0x31B2C, 0x30033, 0x4F00, 0x31B2C, 0x30933, 0x6F00, 0x31B2C, 0x30933, 0x4F00, 0x31B2C, 
    0x30333, 0x6F00, 0x31B2C, 0x30333, 0x4F00, 0x31B2C, 0x3232E, 0x6F00, 0x31B2C, 0x3232E, 0x5500, 0x31B2C, 0x30133, 
    0x7500, 0x31B2C, 0x30133, 0x5500, 0x31B2C, 0x30033, 0x7500, 0x31B2C, 0x30033, 0x5500, 0x31B2C, 0x30933, 0x7500, 
    0x31B2C, 0x30933, 0x5500, 0x31B2C, 0x30333, 0x7500, 0x31B2C, 0x30333, 0x5500, 0x31B2C, 0x3232E, 0x7500, 0x31B2C, 
    0x3232E, 0x3B100, 0x31333, 0x30033, 0x3B100, 0x31433, 0x30033, 0x3B100, 0x31333, 0x30133, 0x3B100, 0x31433, 0x30133, 
    0x3B100, 0x31333, 0x34233, 0x3B100, 0x31433, 0x34233, 0x39100, 0x31333, 0x30033, 0x39100, 0x31433, 0x30033, 0x39100, 
    0x31333, 0x30133, 0x39100, 0x31433, 0x30133, 0x39100, 0x31333, 0x34233, 0x39100, 0x31433, 0x34233, 0x3B500, 0x31333, 
    0x30033, 0x3B500, 0x31433, 0x30033, 0x3B500, 0x31333, 0x30133, 0x3B500, 0x31433, 0x30133, 0x39500, 0x31333, 0x30033, 
    0x39500, 0x31433, 0x30033, 0x39500, 0x31333, 0x30133, 0x39500, 0x31433, 0x30133, 0x3B700, 0x31333, 0x30033, 0x3B700, 
    0x31433, 0x30033, 0x3B700, 0x31333, 0x30133, 0x3B700, 0x31433, 0x30133, 0x3B700, 0x31333, 0x34233, 0x3B700, 0x31433, 
    0x34233, 0x39700, 0x31333, 0x30033, 0x39700, 0x31433, 0x30033, 0x39700, 0x31333, 0x30133, 0x39700, 0x31433, 0x30133, 
    0x39700, 0x31333, 0x34233, 0x39700, 0x31433, 0x34233, 0x3B900, 0x31333, 0x30033, 0x3B900, 0x31433, 0x30033, 0x3B900, 
    0x31333, 0x30133, 0x3B900, 0x31433, 0x30133, 0x3B900, 0x31333, 0x34233, 0x3B900, 0x31433, 0x34233, 0x39900, 0x31333, 
    0x30033, 0x39900, 0x31433, 0x30033, 0x39900, 0x31333, 0x30133, 0x39900, 0x31433, 0x30133, 0x39900, 0x31333, 0x34233, 
    0x39900, 0x31433, 0x34233, 0x3BF00, 0x31333, 0x30033, 0x3BF00, 0x31433, 0x30033, 0x3BF00, 0x31333, 0x30133, 0x3BF00, 
    0x31433, 0x30133, 0x39F00, 0x31333, 0x30033, 0x39F00, 0x31433, 0x30033, 0x39F00, 0x31333, 0x30133, 0x39F00, 0x31433, 
    0x30133, 0x3C500, 0x31333, 0x30033, 0x3C500, 0x31433, 0x30033, 0x3C500, 0x31333, 0x30133, 0x3C500, 0x31433, 0x30133, 
    0x3C500, 0x31333, 0x34233, 0x3C500, 0x31433, 0x34233, 0x3A500, 0x31433, 0x30033, 0x3A500, 0x31433, 0x30133, 0x3A500, 
    0x31433, 0x34233, 0x3C900, 0x31333, 0x30033, 0x3C900, 0x31433, 0x30033, 0x3C900, 0x31333, 0x30133, 0x3C900, 0x31433, 
    0x30133, 0x3C900, 0x31333, 0x34233, 0x3C900, 0x31433, 0x34233, 0x3A900, 0x31333, 0x30033, 0x3A900, 0x31433, 0x30033, 
    0x3A900, 0x31333, 0x30133, 0x3A900, 0x31433, 0x30133, 0x3A900, 0x31333, 0x34233, 0x3A900, 0x31433, 0x34233, 0x3B100, 
    0x31333, 0x34537, 0x3B100, 0x31433, 0x34537, 0x3B100, 0x31333, 0x30033, 0x34537, 0x3B100, 0x31433, 0x30033, 0x34537, 
    0x3B100, 0x31333, 0x30133, 0x34537, 0x3B100, 0x31433, 0x30133, 0x34537, 0x3B100, 0x31333, 0x34233, 0x34537, 0x3B100, 
    0x31433, 0x34233, 0x34537, 0x39100, 0x31333, 0x34537, 0x39100, 0x31433, 0x34537, 0x39100, 0x31333, 0x30033, 0x34537, 
    0x39100, 0x31433, 0x30033, 0x34537, 0x39100, 0x31333, 0x30133, 0x34537, 0x39100, 0x31433, 0x30133, 0x34537, 0x39100, 
    0x31333, 0x34233, 0x34537, 0x39100, 0x31433, 0x34233, 0x34537, 0x3B700, 0x31333, 0x34537, 0x3B700, 0x31433, 0x34537, 
    0x3B700, 0x31333, 0x30033, 0x34537, 0x3B700, 0x31433, 0x30033, 0x34537, 0x3B700, 0x31333, 0x30133, 0x34537, 0x3B700, 
    0x31433, 0x30133, 0x34537, 0x3B700, 0x31333, 0x34233, 0x34537, 0x3B700, 0x31433, 0x34233, 0x34537, 0x39700, 0x31333, 
    0x34537, 0x39700, 0x31433, 0x34537, 0x39700, 0x31333, 0x30033, 0x34537, 0x39700, 0x31433, 0x30033, 0x34537, 0x39700, 
    0x31333, 0x30133, 0x34537, 0x39700, 0x31433, 0x30133, 0x34537, 0x39700, 0x31333, 0x34233, 0x34537, 0x39700, 0x31433, 
    0x34233, 0x34537, 0x3C900, 0x31333, 0x34537, 0x3C900, 0x31433, 0x34537, 0x3C900, 0x31333, 0x30033, 0x34537, 0x3C900, 
    0x31433, 0x30033, 0x34537, 0x3C900, 0x31333, 0x30133, 0x34537, 0x3C900, 0x31433, 0x30133, 0x34537, 0x3C900, 0x31333, 
    0x34233, 0x34537, 0x3C900, 0x31433, 0x34233, 0x34537, 0x3A900, 0x31333, 0x34537, 0x3A900, 0x31433, 0x34537, 0x3A900, 
    0x31333, 0x30033, 0x34537, 0x3A900, 0x31433, 0x30033, 0x34537, 0x3A900, 0x31333, 0x30133, 0x34537, 0x3A900, 0x31433, 
    0x30133, 0x34537, 0x3A900, 0x31333, 0x34233, 0x34537, 0x3A900, 0x31433, 0x34233, 0x34537, 0x3B100, 0x30033, 0x34537, 
    0x3B100, 0x30133, 0x34537, 0x3B100, 0x34233, 0x34537, 0x3B700, 0x30033, 0x34537, 0x3B700, 0x30133, 0x34537, 0x3B700, 
    0x34233, 0x34537, 0x3B900, 0x30833, 0x30033, 0x3B900, 0x30833, 0x30133, 0x3B900, 0x30833, 0x34233, 0x3C500, 0x30833, 
    0x30033, 0x3C500, 0x30833, 0x30133, 0x3C500, 0x30833, 0x34233, 0x3C900, 0x30033, 0x34537, 0x3C900, 0x30133, 0x34537, 
    0x3C900, 0x34233, 0x34537, 0x220300, 0x33801, 0x5E900, 0x5BC11, 0x5C114, 0x5E900, 0x5BC11, 0x5C215, 0x1109900, 
    0x110BA03, 0x1109B00, 0x110BA03, 0x110A500, 0x110BA03, 0x1113100, 0x1112700, 0x1113200, 0x1112700, 0x1134700, 
    0x1133E00, 0x1134700, 0x1135700, 0x114B900, 0x114BA00, 0x114B900, 0x114B000, 0x114B900, 0x114BD00, 0x115B800, 
    0x115AF00, 0x115B900, 0x115AF00, 0x1193500, 0x1193000, 0x1D15700, 0x1D1652C, 0x1D15800, 0x1D1652C, 0x1D15800, 
    0x1D1652C, 0x1D16E2C, 0x1D15800, 0x1D1652C, 0x1D16F2C, 0x1D15800, 0x1D1652C, 0x1D1702C, 0x1D15800, 0x1D1652C, 
    0x1D1712C, 0x1D15800, 0x1D1652C, 0x1D1722C, 0x1D1B900, 0x1D1652C, 0x1D1BA00, 0x1D1652C, 0x1D1B900, 0x1D1652C, 
    0x1D16E2C, 0x1D1BA00, 0x1D1652C, 0x1D16E2C, 0x1D1B900, 0x1D1652C, 0x1D16F2C, 0x1D1BA00, 0x1D1652C, 0x1D16F2C, 
  ],
  continuous_block_end: 0x0FFF,
}
