DecompositionData {
  index: &[
    0, 0x1, 0x2, 0x3, 0x4, 0x5, 0x6, 0x7, 0x8, 0x9, 0xA, 0xB, 0xC, 0xD, 0xE, 0xF, 0x10, 0x11, 0x12, 0x13, 0x14, 0x15, 0x16, 
    0x17, 0x18, 0x19, 0x1A, 0x1B, 0x1C, 0x1D, 0x1E, 0x1F, 0x20, 0x21, 0, 0, 0, 0, 0x22, 0, 0, 0, 0, 0, 0, 0, 0x23, 0x24, 0, 
    0x25, 0x26, 0, 0x27, 0x28, 0x29, 0x2A, 0x2B, 0x2C, 0, 0x2D, 0x2E, 0x2F, 0x30, 0x31, 0x32, 0x33, 0x34, 0x35, 0x36, 0x37, 
    0x38, 0, 0, 0, 0, 0, 0, 0, 0, 0, 0, 0, 0, 0, 0, 0x39, 0, 0, 0, 0x3A, 0x3B, 0x3C, 0, 0, 0, 0, 0x3D, 0x3E, 0, 0, 0, 0, 0, 
    0, 0, 0, 0, 0, 0, 0, 0, 0, 0, 0, 0, 0, 0, 0, 0, 0, 0, 0, 0, 0, 0, 0, 0, 0, 0, 0, 0, 0, 0, 0, 0, 0, 0, 0, 0, 0, 0, 0, 0, 
    0, 0, 0, 0, 0, 0, 0, 0, 0, 0, 0, 0, 0, 0, 0, 0, 0, 0, 0, 0, 0, 0, 0, 0, 0, 0, 0, 0, 0, 0, 0, 0, 0, 0, 0, 0, 0, 0, 0, 0, 
    0, 0, 0, 0, 0, 0, 0, 0, 0, 0, 0, 0, 0, 0, 0, 0, 0, 0, 0, 0, 0, 0, 0, 0, 0, 0, 0, 0, 0, 0, 0, 0, 0, 0, 0, 0, 0, 0, 0, 0, 
    0, 0, 0, 0, 0, 0, 0, 0, 0, 0, 0, 0, 0, 0, 0, 0, 0, 0, 0, 0, 0, 0, 0, 0, 0, 0, 0, 0, 0, 0, 0, 0, 0, 0, 0, 0, 0, 0, 0, 0, 
    0, 0, 0, 0, 0, 0, 0, 0, 0, 0, 0, 0, 0, 0, 0, 0, 0, 0, 0, 0, 0, 0, 0, 0, 0, 0, 0, 0, 0, 0, 0, 0, 0, 0, 0, 0, 0, 0, 0, 0, 
    0, 0, 0, 0, 0, 0, 0, 0, 0, 0, 0, 0, 0, 0, 0, 0, 0, 0, 0, 0, 0, 0, 0, 0, 0, 0, 0, 0, 0, 0x3F, 0x40, 0, 0, 0x41, 0x42, 
    0x43, 0x44, 0, 0x45, 0, 0x46, 0x7F, 0x7F, 0x7F, 0x7F, 0x7F, 0x7F, 0x7F, 0x7F, 0x7F, 0x7F, 0x7F, 0x7F, 0x7F, 0x7F, 0x7F, 
    0x7F, 0x7F, 0x7F, 0x7F, 0x7F, 0x7F, 0x7F, 0x7F, 0x7F, 0x7F, 0x7F, 0x7F, 0x7F, 0x7F, 0x7F, 0x7F, 0x7F, 0x7F, 0x7F, 0x7F, 
    0x7F, 0x7F, 0x7F, 0x7F, 0x7F, 0x7F, 0x7F, 0x7F, 0x7F, 0x7F, 0x7F, 0x7F, 0x7F, 0x7F, 0x7F, 0x7F, 0x7F, 0x7F, 0x7F, 0x7F, 
    0x7F, 0x7F, 0x7F, 0x7F, 0x7F, 0x7F, 0x7F, 0x7F, 0x7F, 0x7F, 0x7F, 0x7F, 0x7F, 0x7F, 0x7F, 0x7F, 0x7F, 0x7F, 0x7F, 0x7F, 
    0x7F, 0x7F, 0x7F, 0x7F, 0x7F, 0x7F, 0x7F, 0x7F, 0x7F, 0x7F, 0x7F, 0x7F, 0x80, 0, 0, 0, 0, 0, 0, 0, 0, 0, 0, 0, 0, 0, 0, 
    0, 0, 0, 0, 0, 0, 0, 0, 0, 0, 0, 0, 0, 0, 0, 0, 0, 0, 0, 0, 0, 0, 0, 0, 0, 0, 0, 0, 0, 0, 0, 0, 0, 0, 0, 0, 0, 0, 0, 0, 
    0, 0, 0, 0, 0, 0, 0, 0, 0, 0, 0, 0, 0x47, 0x48, 0x49, 0x4A, 0x4B, 0, 0, 0, 0, 0, 0x4C, 0, 0, 0, 0, 0, 0, 0x4D, 0, 0x4E, 
    0x4F, 0, 0, 0, 0, 0, 0, 0, 0, 0, 0, 0, 0, 0, 0x50, 0x51, 0, 0, 0, 0, 0x52, 0, 0, 0x53, 0x54, 0x55, 0x56, 0x57, 0x58, 
    0x59, 0x5A, 0x5B, 0x5C, 0, 0x5D, 0x5E, 0, 0x5F, 0x60, 0x61, 0x62, 0, 0x63, 0, 0x64, 0x65, 0x66, 0x67, 0, 0, 0x68, 0, 
    0x69, 0x6A, 0, 0, 0x6B, 0, 0, 0, 0, 0, 0, 0, 0, 0, 0, 0, 0, 0, 0, 0, 0, 0, 0, 0, 0, 0, 0, 0, 0, 0, 0, 0, 0, 0, 0, 0, 0, 
    0, 0, 0, 0, 0, 0, 0, 0, 0, 0, 0, 0, 0, 0, 0, 0, 0, 0, 0, 0, 0, 0, 0, 0, 0, 0, 0, 0, 0, 0, 0, 0, 0, 0, 0, 0, 0, 0, 0, 0, 
    0, 0, 0, 0, 0, 0, 0, 0, 0, 0, 0, 0, 0, 0, 0, 0, 0, 0, 0, 0, 0, 0, 0, 0, 0, 0, 0, 0, 0, 0, 0, 0, 0, 0, 0, 0, 0, 0, 0, 0, 
    0, 0, 0, 0, 0, 0, 0, 0, 0, 0, 0, 0, 0, 0, 0, 0, 0, 0, 0, 0, 0, 0, 0, 0, 0, 0, 0, 0, 0, 0, 0, 0, 0, 0, 0, 0, 0, 0, 0x6C, 
    0x6D, 0, 0, 0, 0, 0, 0, 0, 0, 0x6E, 0, 0, 0, 0, 0, 0, 0, 0, 0, 0, 0, 0, 0, 0, 0, 0, 0, 0, 0, 0, 0, 0, 0, 0, 0, 0, 0, 0, 
    0, 0, 0, 0, 0, 0, 0, 0, 0, 0, 0, 0, 0, 0, 0, 0, 0, 0, 0, 0, 0, 0, 0, 0, 0, 0, 0, 0, 0, 0, 0, 0, 0, 0, 0, 0, 0, 0, 0, 0, 
    0, 0, 0, 0, 0, 0, 0, 0, 0, 0, 0, 0, 0, 0, 0, 0, 0, 0, 0, 0, 0, 0, 0, 0, 0, 0, 0, 0, 0, 0, 0, 0, 0, 0, 0, 0, 0, 0, 0, 0, 
    0, 0, 0, 0, 0, 0, 0, 0, 0, 0, 0, 0, 0, 0, 0, 0, 0, 0, 0, 0, 0, 0, 0, 0, 0, 0, 0, 0, 0, 0, 0, 0, 0, 0, 0, 0, 0, 0, 0, 0, 
    0, 0, 0, 0, 0, 0x6F, 0, 0, 0, 0, 0, 0, 0, 0, 0, 0, 0, 0, 0, 0, 0, 0, 0, 0, 0, 0, 0, 0, 0, 0, 0, 0, 0, 0, 0, 0, 0, 0, 0, 
    0, 0, 0, 0, 0, 0, 0, 0x70, 0x71, 0x72, 0, 0, 0, 0, 0, 0, 0, 0, 0, 0, 0, 0, 0, 0, 0, 0, 0, 0, 0, 0, 0, 0, 0, 0, 0, 0, 0, 
    0x73, 0x74, 0x75, 0, 0, 0x76, 0, 0, 0, 0x77, 0, 0, 0, 0, 0, 0, 0, 0x78, 0x79, 0, 0, 0, 0, 0, 0, 0, 0, 0, 0, 0, 0, 0, 0, 
    0, 0, 0, 0, 0, 0, 0, 0, 0, 0, 0, 0, 0, 0, 0, 0, 0, 0, 0, 0, 0, 0, 0, 0, 0, 0, 0, 0, 0, 0, 0, 0, 0, 0, 0, 0, 0, 0, 0, 0, 
    0, 0, 0, 0, 0, 0, 0, 0, 0, 0, 0, 0, 0, 0, 0, 0, 0, 0, 0, 0, 0, 0, 0, 0, 0, 0, 0, 0, 0, 0, 0, 0, 0, 0, 0, 0, 0, 0, 0, 0, 
    0, 0, 0, 0, 0, 0, 0, 0, 0, 0, 0, 0, 0, 0, 0, 0, 0, 0, 0, 0, 0, 0, 0, 0, 0, 0, 0, 0, 0, 0, 0, 0, 0, 0, 0, 0, 0, 0, 0, 0, 
    0, 0, 0, 0, 0, 0, 0, 0, 0, 0, 0, 0, 0, 0, 0, 0, 0, 0, 0, 0, 0, 0, 0, 0, 0, 0, 0, 0, 0, 0, 0, 0, 0, 0, 0, 0, 0, 0, 0, 0, 
    0, 0, 0, 0, 0, 0, 0, 0, 0, 0, 0, 0, 0, 0, 0, 0, 0, 0, 0, 0, 0, 0, 0, 0, 0, 0, 0, 0, 0, 0, 0, 0, 0, 0, 0, 0, 0, 0, 0, 0, 
    0, 0, 0, 0, 0, 0, 0, 0, 0, 0, 0, 0, 0, 0, 0, 0, 0, 0, 0, 0, 0, 0, 0, 0, 0, 0, 0, 0, 0, 0, 0, 0, 0, 0, 0, 0, 0, 0, 0, 0, 
    0, 0, 0, 0, 0, 0, 0, 0, 0, 0, 0, 0, 0, 0, 0, 0, 0, 0, 0, 0, 0, 0, 0, 0, 0, 0, 0, 0, 0, 0, 0, 0, 0, 0, 0, 0, 0, 0, 0, 0, 
    0, 0, 0, 0, 0, 0, 0, 0, 0, 0, 0, 0, 0, 0, 0, 0, 0, 0, 0, 0, 0, 0, 0, 0, 0, 0, 0, 0, 0, 0, 0, 0, 0, 0, 0, 0, 0, 0, 0, 0, 
    0, 0, 0, 0, 0, 0, 0, 0, 0, 0, 0, 0, 0, 0, 0, 0, 0, 0, 0, 0, 0, 0, 0, 0, 0, 0, 0, 0, 0, 0, 0, 0, 0, 0, 0, 0, 0, 0, 0, 0, 
    0, 0, 0, 0, 0, 0, 0, 0, 0, 0, 0, 0, 0, 0, 0, 0, 0, 0, 0, 0, 0, 0, 0, 0, 0, 0, 0, 0, 0, 0, 0, 0, 0, 0, 0, 0, 0, 0, 0, 0, 
    0, 0, 0, 0, 0, 0, 0, 0, 0, 0, 0, 0, 0, 0, 0, 0, 0, 0, 0, 0, 0, 0, 0, 0, 0, 0, 0, 0, 0, 0, 0, 0, 0, 0, 0, 0, 0, 0, 0, 0, 
    0, 0, 0, 0, 0, 0, 0, 0, 0, 0, 0, 0, 0, 0, 0, 0, 0, 0, 0, 0, 0, 0, 0, 0, 0, 0, 0, 0, 0, 0, 0, 0, 0, 0, 0, 0, 0, 0, 0, 0, 
    0, 0, 0, 0, 0, 0, 0, 0, 0, 0, 0, 0, 0, 0, 0, 0, 0, 0, 0, 0, 0, 0, 0, 0, 0, 0, 0, 0, 0, 0, 0, 0, 0, 0, 0, 0, 0, 0, 0, 0, 
    0, 0, 0, 0, 0, 0, 0, 0x7A, 0x7B, 0x7C, 0x7D, 0x7E, 
  ],
  data: &[
    0, 0, 0, 0, 0, 0, 0, 0, 0, 0, 0, 0, 0, 0, 0, 0, 0, 0, 0, 0, 0, 0, 0, 0, 0, 0, 0, 0, 0, 0, 0, 0, 0, 0, 0, 0, 0, 0, 0, 0, 
    0, 0, 0, 0, 0, 0, 0, 0, 0, 0, 0, 0, 0, 0, 0, 0, 0, 0, 0, 0, 0, 0, 0, 0, 0, 0, 0, 0, 0, 0, 0, 0, 0, 0, 0, 0, 0, 0, 0, 0, 
    0, 0, 0, 0, 0, 0, 0, 0, 0, 0, 0, 0, 0, 0, 0, 0, 0, 0, 0, 0, 0, 0, 0, 0, 0, 0, 0, 0, 0, 0, 0, 0, 0, 0, 0, 0, 0, 0, 0, 0, 
    0, 0, 0, 0, 0, 0, 0, 0, 0, 0, 0, 0, 0, 0, 0, 0, 0, 0, 0, 0, 0, 0, 0, 0, 0, 0, 0, 0, 0, 0, 0, 0, 0, 0, 0, 0, 0, 0, 0, 0, 
    0, 0, 0, 0, 0, 0, 0, 0, 0, 0, 0, 0, 0, 0, 0, 0, 0, 0, 0, 0, 0, 0, 0, 0, 0, 0, 0, 0, 0, 0, 0, 0, 0x3003300004102, 
    0x3013300004102, 0x3023300004102, 0x3033300004102, 0x3083300004102, 0x30A3300004102, 0, 0x3272A00004302, 
    0x3003300004502, 0x3013300004502, 0x3023300004502, 0x3083300004502, 0x3003300004902, 0x3013300004902, 0x3023300004902, 
    0x3083300004902, 0, 0x3033300004E02, 0x3003300004F02, 0x3013300004F02, 0x3023300004F02, 0x3033300004F02, 
    0x3083300004F02, 0, 0, 0x3003300005502, 0x3013300005502, 0x3023300005502, 0x3083300005502, 0x3013300005902, 0, 0, 
    0x3003300006102, 0x3013300006102, 0x3023300006102, 0x3033300006102, 0x3083300006102, 0x30A3300006102, 0, 
    0x3272A00006302, 0x3003300006502, 0x3013300006502, 0x3023300006502, 0x3083300006502, 0x3003300006902, 0x3013300006902, 
    0x3023300006902, 0x3083300006902, 0, 0x3033300006E02, 0x3003300006F02, 0x3013300006F02, 0x3023300006F02, 
    0x3033300006F02, 0x3083300006F02, 0, 0, 0x3003300007502, 0x3013300007502, 0x3023300007502, 0x3083300007502, 
    0x3013300007902, 0, 0x3083300007902, 0x3043300004102, 0x3043300006102, 0x3063300004102, 0x3063300006102, 
    0x3282A00004102, 0x3282A00006102, 0x3013300004302, 0x3013300006302, 0x3023300004302, 0x3023300006302, 0x3073300004302, 
    0x3073300006302, 0x30C3300004302, 0x30C3300006302, 0x30C3300004402, 0x30C3300006402, 0, 0, 0x3043300004502, 
    0x3043300006502, 0x3063300004502, 0x3063300006502, 0x3073300004502, 0x3073300006502, 0x3282A00004502, 0x3282A00006502, 
    0x30C3300004502, 0x30C3300006502, 0x3023300004702, 0x3023300006702, 0x3063300004702, 0x3063300006702, 0x3073300004702, 
    0x3073300006702, 0x3272A00004702, 0x3272A00006702, 0x3023300004802, 0x3023300006802, 0, 0, 0x3033300004902, 
    0x3033300006902, 0x3043300004902, 0x3043300006902, 0x3063300004902, 0x3063300006902, 0x3282A00004902, 0x3282A00006902, 
    0x3073300004902, 0, 0, 0, 0x3023300004A02, 0x3023300006A02, 0x3272A00004B02, 0x3272A00006B02, 0, 0x3013300004C02, 
    0x3013300006C02, 0x3272A00004C02, 0x3272A00006C02, 0x30C3300004C02, 0x30C3300006C02, 0, 0, 0, 0, 0x3013300004E02, 
    0x3013300006E02, 0x3272A00004E02, 0x3272A00006E02, 0x30C3300004E02, 0x30C3300006E02, 0, 0, 0, 0x3043300004F02, 
    0x3043300006F02, 0x3063300004F02, 0x3063300006F02, 0x30B3300004F02, 0x30B3300006F02, 0, 0, 0x3013300005202, 
    0x3013300007202, 0x3272A00005202, 0x3272A00007202, 0x30C3300005202, 0x30C3300007202, 0x3013300005302, 0x3013300007302, 
    0x3023300005302, 0x3023300007302, 0x3272A00005302, 0x3272A00007302, 0x30C3300005302, 0x30C3300007302, 0x3272A00005402, 
    0x3272A00007402, 0x30C3300005402, 0x30C3300007402, 0, 0, 0x3033300005502, 0x3033300007502, 0x3043300005502, 
    0x3043300007502, 0x3063300005502, 0x3063300007502, 0x30A3300005502, 0x30A3300007502, 0x30B3300005502, 0x30B3300007502, 
    0x3282A00005502, 0x3282A00007502, 0x3023300005702, 0x3023300007702, 0x3023300005902, 0x3023300007902, 0x3083300005902, 
    0x3013300005A02, 0x3013300007A02, 0x3073300005A02, 0x3073300007A02, 0x30C3300005A02, 0x30C3300007A02, 0, 0, 0, 0, 0, 0, 
    0, 0, 0, 0, 0, 0, 0, 0, 0, 0, 0, 0, 0, 0, 0, 0, 0, 0, 0, 0, 0, 0, 0, 0, 0, 0, 0, 0x31B2C00004F02, 0x31B2C00006F02, 0, 
    0, 0, 0, 0, 0, 0, 0, 0, 0, 0, 0, 0, 0x31B2C00005502, 0x31B2C00007502, 0, 0, 0, 0, 0, 0, 0, 0, 0, 0, 0, 0, 0, 0, 0, 0, 
    0, 0, 0, 0, 0, 0, 0, 0, 0, 0, 0, 0, 0x30C3300004102, 0x30C3300006102, 0x30C3300004902, 0x30C3300006902, 
    0x30C3300004F02, 0x30C3300006F02, 0x30C3300005502, 0x30C3300007502, 0x304330308330055, 0x304330308330075, 
    0x301330308330055, 0x301330308330075, 0x30C330308330055, 0x30C330308330075, 0x300330308330055, 0x300330308330075, 0, 
    0x304330308330041, 0x304330308330061, 0x304330307330041, 0x304330307330061, 0x304330000C602, 0x304330000E602, 0, 0, 
    0x30C3300004702, 0x30C3300006702, 0x30C3300004B02, 0x30C3300006B02, 0x3282A00004F02, 0x3282A00006F02, 
    0x3043303282A004F, 0x3043303282A006F, 0x30C330001B702, 0x30C3300029202, 0x30C3300006A02, 0, 0, 0, 0x3013300004702, 
    0x3013300006702, 0, 0, 0x3003300004E02, 0x3003300006E02, 0x30133030A330041, 0x30133030A330061, 0x301330000C602, 
    0x301330000E602, 0x301330000D802, 0x301330000F802, 0x30F3300004102, 0x30F3300006102, 0x3113300004102, 0x3113300006102, 
    0x30F3300004502, 0x30F3300006502, 0x3113300004502, 0x3113300006502, 0x30F3300004902, 0x30F3300006902, 0x3113300004902, 
    0x3113300006902, 0x30F3300004F02, 0x30F3300006F02, 0x3113300004F02, 0x3113300006F02, 0x30F3300005202, 0x30F3300007202, 
    0x3113300005202, 0x3113300007202, 0x30F3300005502, 0x30F3300007502, 0x3113300005502, 0x3113300007502, 0x3262E00005302, 
    0x3262E00007302, 0x3262E00005402, 0x3262E00007402, 0, 0, 0x30C3300004802, 0x30C3300006802, 0, 0, 0, 0, 0, 0, 
    0x3073300004102, 0x3073300006102, 0x3272A00004502, 0x3272A00006502, 0x30433030833004F, 0x30433030833006F, 
    0x30433030333004F, 0x30433030333006F, 0x3073300004F02, 0x3073300006F02, 0x30433030733004F, 0x30433030733006F, 
    0x3043300005902, 0x3043300007902, 0, 0, 0, 0, 0, 0, 0, 0, 0, 0, 0, 0, 0, 0, 0, 0, 0, 0, 0, 0, 0, 0, 0, 0, 0, 0, 0, 0, 
    0, 0, 0, 0, 0, 0, 0, 0, 0, 0, 0, 0, 0, 0, 0, 0, 0, 0, 0, 0, 0, 0, 0, 0, 0, 0, 0, 0, 0, 0, 0, 0, 0, 0, 0, 0, 0, 0, 0, 0, 
    0, 0, 0, 0, 0, 0, 0, 0, 0, 0, 0, 0, 0, 0, 0, 0, 0, 0, 0, 0, 0, 0, 0, 0, 0, 0, 0, 0, 0, 0, 0, 0, 0, 0, 0, 0, 0, 0, 0, 0, 
    0, 0, 0, 0, 0, 0, 0, 0, 0, 0, 0, 0, 0, 0, 0, 0, 0, 0, 0, 0, 0, 0, 0, 0, 0, 0, 0, 0, 0, 0, 0, 0, 0, 0, 0, 0, 0, 0, 0, 0, 
    0, 0, 0, 0, 0, 0, 0, 0, 0, 0, 0, 0, 0, 0, 0, 0, 0, 0, 0, 0, 0, 0, 0, 0, 0, 0, 0, 0, 0, 0, 0, 0, 0, 0, 0, 0, 0, 0, 0, 0, 
    0, 0, 0, 0, 0, 0, 0, 0, 0, 0, 0, 0, 0, 0, 0, 0, 0x3003301, 0x3013301, 0x3023301, 0x3033301, 0x3043301, 0x3053301, 
    0x3063301, 0x3073301, 0x3083301, 0x3093301, 0x30A3301, 0x30B3301, 0x30C3301, 0x30D3301, 0x30E3301, 0x30F3301, 
    0x3103301, 0x3113301, 0x3123301, 0x3133301, 0x3143301, 0x3153401, 0x3162E01, 0x3172E01, 0x3182E01, 0x3192E01, 
    0x31A3401, 0x31B2C01, 0x31C2E01, 0x31D2E01, 0x31E2E01, 0x31F2E01, 0x3202E01, 0x3212A01, 0x3222A01, 0x3232E01, 
    0x3242E01, 0x3252E01, 0x3262E01, 0x3272A01, 0x3282A01, 0x3292E01, 0x32A2E01, 0x32B2E01, 0x32C2E01, 0x32D2E01, 
    0x32E2E01, 0x32F2E01, 0x3302E01, 0x3312E01, 0x3322E01, 0x3332E01, 0x3340101, 0x3350101, 0x3360101, 0x3370101, 
    0x3380101, 0x3392E01, 0x33A2E01, 0x33B2E01, 0x33C2E01, 0x33D3301, 0x33E3301, 0x33F3301, 0x104, 0x10104, 0x3423301, 
    0x20104, 0x30204, 0x3453701, 0x3463301, 0x3472E01, 0x3482E01, 0x3492E01, 0x34A3301, 0x34B3301, 0x34C3301, 0x34D2E01, 
    0x34E2E01, 0, 0x3503301, 0x3513301, 0x3523301, 0x3532E01, 0x3542E01, 0x3552E01, 0x3562E01, 0x3573301, 0x3583401, 
    0x3592E01, 0x35A2E01, 0x35B3301, 0x35C3501, 0x35D3601, 0x35E3601, 0x35F3501, 0x3603601, 0x3613601, 0x3623501, 
    0x3633301, 0x3643301, 0x3653301, 0x3663301, 0x3673301, 0x3683301, 0x3693301, 0x36A3301, 0x36B3301, 0x36C3301, 
    0x36D3301, 0x36E3301, 0x36F3301, 0, 0, 0, 0, 0x2B90003, 0, 0, 0, 0, 0, 0, 0, 0, 0, 0x3B0003, 0, 0, 0, 0, 0, 0, 
    0x301330000A802, 0x3013300039102, 0xB70003, 0x3013300039502, 0x3013300039702, 0x3013300039902, 0, 0x3013300039F02, 0, 
    0x301330003A502, 0x301330003A902, 0x3013303083303B9, 0, 0, 0, 0, 0, 0, 0, 0, 0, 0, 0, 0, 0, 0, 0, 0, 0, 0, 0, 0, 0, 0, 
    0, 0, 0, 0x3083300039902, 0x308330003A502, 0x301330003B102, 0x301330003B502, 0x301330003B702, 0x301330003B902, 
    0x3013303083303C5, 0, 0, 0, 0, 0, 0, 0, 0, 0, 0, 0, 0, 0, 0, 0, 0, 0, 0, 0, 0, 0, 0, 0, 0, 0, 0x308330003B902, 
    0x308330003C502, 0x301330003BF02, 0x301330003C502, 0x301330003C902, 0, 0, 0, 0, 0x301330003D202, 0x308330003D202, 0, 0, 
    0, 0, 0, 0, 0, 0, 0, 0, 0, 0, 0, 0, 0, 0, 0, 0, 0, 0, 0, 0, 0, 0, 0, 0, 0, 0, 0, 0, 0, 0, 0, 0, 0, 0, 0, 0, 0, 0, 0, 0, 
    0, 0x3003300041502, 0x3083300041502, 0, 0x3013300041302, 0, 0, 0, 0x3083300040602, 0, 0, 0, 0, 0x3013300041A02, 
    0x3003300041802, 0x3063300042302, 0, 0, 0, 0, 0, 0, 0, 0, 0, 0, 0x3063300041802, 0, 0, 0, 0, 0, 0, 0, 0, 0, 0, 0, 0, 0, 
    0, 0, 0, 0, 0, 0, 0, 0, 0, 0, 0, 0, 0, 0, 0, 0, 0, 0, 0x3063300043802, 0, 0, 0, 0, 0, 0, 0, 0, 0, 0, 0, 0, 0, 0, 0, 0, 
    0, 0, 0, 0, 0, 0, 0x3003300043502, 0x3083300043502, 0, 0x3013300043302, 0, 0, 0, 0x3083300045602, 0, 0, 0, 0, 
    0x3013300043A02, 0x3003300043802, 0x3063300044302, 0, 0, 0, 0, 0, 0, 0, 0, 0, 0, 0, 0, 0, 0, 0, 0, 0, 0, 0, 0, 0, 0, 0, 
    0x30F3300047402, 0x30F3300047502, 0, 0, 0, 0, 0, 0, 0, 0, 0, 0, 0, 0x4833301, 0x4843301, 0x4853301, 0x4863301, 
    0x4873301, 0, 0, 0, 0, 0, 0, 0, 0, 0, 0, 0, 0, 0, 0, 0, 0, 0, 0, 0, 0, 0, 0, 0, 0, 0, 0, 0, 0, 0, 0, 0, 0, 0, 0, 0, 0, 
    0, 0, 0, 0, 0, 0, 0, 0, 0, 0, 0, 0, 0, 0, 0, 0, 0, 0, 0, 0, 0, 0x3063300041602, 0x3063300043602, 0, 0, 0, 0, 0, 0, 0, 
    0, 0, 0, 0, 0, 0, 0x3063300041002, 0x3063300043002, 0x3083300041002, 0x3083300043002, 0, 0, 0x3063300041502, 
    0x3063300043502, 0, 0, 0x308330004D802, 0x308330004D902, 0x3083300041602, 0x3083300043602, 0x3083300041702, 
    0x3083300043702, 0, 0, 0x3043300041802, 0x3043300043802, 0x3083300041802, 0x3083300043802, 0x3083300041E02, 
    0x3083300043E02, 0, 0, 0x308330004E802, 0x308330004E902, 0x3083300042D02, 0x3083300044D02, 0x3043300042302, 
    0x3043300044302, 0x3083300042302, 0x3083300044302, 0x30B3300042302, 0x30B3300044302, 0x3083300042702, 0x3083300044702, 
    0, 0, 0x3083300042B02, 0x3083300044B02, 0, 0, 0, 0, 0, 0, 0, 0, 0, 0, 0, 0, 0, 0, 0, 0, 0, 0, 0, 0, 0, 0, 0, 0, 0, 0, 
    0, 0, 0, 0, 0, 0, 0, 0, 0, 0, 0, 0, 0, 0, 0, 0, 0, 0, 0, 0, 0, 0, 0, 0, 0, 0, 0, 0, 0, 0, 0, 0, 0, 0, 0, 0, 0, 0, 0, 0, 
    0, 0, 0, 0, 0, 0, 0, 0, 0, 0, 0, 0, 0, 0, 0, 0, 0, 0, 0, 0, 0, 0, 0, 0, 0, 0, 0, 0, 0, 0, 0, 0, 0, 0, 0, 0, 0, 0, 0, 0, 
    0, 0, 0, 0, 0, 0, 0, 0, 0, 0, 0, 0, 0, 0, 0, 0, 0, 0, 0, 0, 0, 0, 0, 0, 0, 0, 0, 0, 0, 0, 0, 0, 0, 0, 0, 0, 0, 0, 0, 0, 
    0, 0, 0, 0, 0, 0x5912E01, 0x5923301, 0x5933301, 0x5943301, 0x5953301, 0x5962E01, 0x5973301, 0x5983301, 0x5993301, 
    0x59A2F01, 0x59B2E01, 0x59C3301, 0x59D3301, 0x59E3301, 0x59F3301, 0x5A03301, 0x5A13301, 0x5A22E01, 0x5A32E01, 
    0x5A42E01, 0x5A52E01, 0x5A62E01, 0x5A72E01, 0x5A83301, 0x5A93301, 0x5AA2E01, 0x5AB3301, 0x5AC3301, 0x5AD2F01, 
    0x5AE3201, 0x5AF3301, 0x5B00601, 0x5B10701, 0x5B20801, 0x5B30901, 0x5B40A01, 0x5B50B01, 0x5B60C01, 0x5B70D01, 
    0x5B80E01, 0x5B90F01, 0x5BA0F01, 0x5BB1001, 0x5BC1101, 0x5BD1201, 0, 0x5BF1301, 0, 0x5C11401, 0x5C21501, 0, 0x5C43301, 
    0x5C52E01, 0, 0x5C70E01, 0, 0, 0, 0, 0, 0, 0, 0, 0, 0, 0, 0, 0, 0, 0, 0, 0, 0, 0, 0, 0, 0, 0, 0, 0, 0, 0, 0, 0, 0, 0, 
    0, 0, 0, 0, 0, 0, 0, 0, 0, 0, 0, 0, 0, 0, 0, 0, 0, 0, 0, 0, 0, 0, 0, 0, 0, 0, 0, 0, 0, 0, 0, 0, 0, 0, 0, 0, 0, 0, 0, 0, 
    0, 0x6103301, 0x6113301, 0x6123301, 0x6133301, 0x6143301, 0x6153301, 0x6163301, 0x6173301, 0x6181A01, 0x6191B01, 
    0x61A1C01, 0, 0, 0, 0, 0, 0, 0, 0x6533300062702, 0x6543300062702, 0x6543300064802, 0x6552E00062702, 0x6543300064A02, 0, 
    0, 0, 0, 0, 0, 0, 0, 0, 0, 0, 0, 0, 0, 0, 0, 0, 0, 0, 0, 0, 0, 0, 0, 0, 0, 0, 0, 0, 0, 0, 0, 0, 0, 0, 0, 0x64B1701, 
    0x64C1801, 0x64D1901, 0x64E1A01, 0x64F1B01, 0x6501C01, 0x6511D01, 0x6521E01, 0x6533301, 0x6543301, 0x6552E01, 
    0x6562E01, 0x6573301, 0x6583301, 0x6593301, 0x65A3301, 0x65B3301, 0x65C2E01, 0x65D3301, 0x65E3301, 0x65F2E01, 0, 0, 0, 
    0, 0, 0, 0, 0, 0, 0, 0, 0, 0, 0, 0, 0, 0x6701F01, 0, 0, 0, 0, 0, 0, 0, 0, 0, 0, 0, 0, 0, 0, 0, 0, 0, 0, 0, 0, 0, 0, 0, 
    0, 0, 0, 0, 0, 0, 0, 0, 0, 0, 0, 0, 0, 0, 0, 0, 0, 0, 0, 0, 0, 0, 0, 0, 0, 0, 0, 0, 0, 0, 0, 0, 0, 0, 0, 0, 0, 0, 0, 0, 
    0, 0, 0, 0, 0, 0, 0, 0, 0, 0, 0, 0, 0, 0, 0, 0, 0x654330006D502, 0, 0x654330006C102, 0, 0, 0, 0, 0, 0, 0, 0, 0, 0, 0, 
    0, 0, 0, 0, 0, 0x654330006D202, 0, 0, 0x6D63301, 0x6D73301, 0x6D83301, 0x6D93301, 0x6DA3301, 0x6DB3301, 0x6DC3301, 0, 
    0, 0x6DF3301, 0x6E03301, 0x6E13301, 0x6E23301, 0x6E32E01, 0x6E43301, 0, 0, 0x6E73301, 0x6E83301, 0, 0x6EA2E01, 
    0x6EB3301, 0x6EC3301, 0x6ED2E01, 0, 0, 0, 0, 0, 0, 0, 0, 0, 0, 0, 0, 0, 0, 0, 0, 0, 0, 0, 0, 0, 0, 0, 0, 0, 0, 0, 0, 0, 
    0, 0, 0, 0, 0, 0, 0x7112001, 0, 0, 0, 0, 0, 0, 0, 0, 0, 0, 0, 0, 0, 0, 0, 0, 0, 0, 0, 0, 0, 0, 0, 0, 0, 0, 0, 0, 0, 0, 
    0x7303301, 0x7312E01, 0x7323301, 0x7333301, 0x7342E01, 0x7353301, 0x7363301, 0x7372E01, 0x7382E01, 0x7392E01, 
    0x73A3301, 0x73B2E01, 0x73C2E01, 0x73D3301, 0x73E2E01, 0x73F3301, 0x7403301, 0x7413301, 0x7422E01, 0x7433301, 
    0x7442E01, 0x7453301, 0x7462E01, 0x7473301, 0x7482E01, 0x7493301, 0x74A3301, 0, 0, 0, 0, 0, 0, 0, 0, 0, 0, 0, 0, 0, 0, 
    0, 0, 0, 0, 0, 0, 0, 0, 0, 0, 0, 0, 0, 0, 0, 0, 0, 0, 0, 0, 0, 0, 0, 0, 0, 0, 0, 0, 0, 0, 0, 0, 0, 0, 0, 0, 0, 0, 0, 0, 
    0, 0, 0, 0, 0, 0, 0, 0, 0, 0, 0, 0, 0, 0, 0, 0, 0, 0, 0, 0, 0, 0, 0, 0, 0, 0, 0, 0, 0, 0, 0, 0, 0, 0, 0, 0, 0, 0, 0, 0, 
    0, 0, 0, 0, 0, 0, 0, 0, 0, 0, 0, 0, 0, 0, 0, 0, 0, 0, 0, 0, 0, 0, 0, 0, 0, 0, 0, 0, 0, 0, 0, 0, 0, 0, 0, 0, 0, 0, 0, 0, 
    0, 0, 0, 0, 0, 0, 0, 0, 0, 0, 0, 0, 0, 0, 0, 0, 0, 0, 0, 0, 0, 0, 0, 0, 0, 0, 0x7EB3301, 0x7EC3301, 0x7ED3301, 
    0x7EE3301, 0x7EF3301, 0x7F03301, 0x7F13301, 0x7F22E01, 0x7F33301, 0, 0, 0, 0, 0, 0, 0, 0, 0, 0x7FD2E01, 0, 0, 0, 0, 0, 
    0, 0, 0, 0, 0, 0, 0, 0, 0, 0, 0, 0, 0, 0, 0, 0, 0, 0, 0, 0x8163301, 0x8173301, 0x8183301, 0x8193301, 0, 0x81B3301, 
    0x81C3301, 0x81D3301, 0x81E3301, 0x81F3301, 0x8203301, 0x8213301, 0x8223301, 0x8233301, 0, 0x8253301, 0x8263301, 
    0x8273301, 0, 0x8293301, 0x82A3301, 0x82B3301, 0x82C3301, 0x82D3301, 0, 0, 0, 0, 0, 0, 0, 0, 0, 0, 0, 0, 0, 0, 0, 0, 0, 
    0, 0, 0, 0, 0, 0, 0, 0, 0, 0, 0, 0, 0, 0, 0, 0, 0, 0, 0, 0, 0, 0, 0, 0, 0, 0, 0x8592E01, 0x85A2E01, 0x85B2E01, 0, 0, 0, 
    0, 0, 0, 0, 0, 0, 0, 0, 0, 0, 0, 0, 0, 0, 0, 0, 0, 0, 0, 0, 0, 0, 0, 0, 0, 0, 0, 0, 0, 0, 0, 0, 0, 0, 0, 0, 0, 0, 0, 0, 
    0, 0, 0, 0, 0, 0, 0, 0, 0, 0, 0, 0, 0, 0, 0, 0, 0, 0x8983301, 0x8992E01, 0x89A2E01, 0x89B2E01, 0x89C3301, 0x89D3301, 
    0x89E3301, 0x89F3301, 0, 0, 0, 0, 0, 0, 0, 0, 0, 0, 0, 0, 0, 0, 0, 0, 0, 0, 0, 0, 0, 0, 0, 0, 0, 0, 0, 0, 0, 0, 0, 0, 
    0, 0, 0, 0, 0, 0, 0, 0, 0, 0, 0x8CA3301, 0x8CB3301, 0x8CC3301, 0x8CD3301, 0x8CE3301, 0x8CF2E01, 0x8D02E01, 0x8D12E01, 
    0x8D22E01, 0x8D32E01, 0x8D43301, 0x8D53301, 0x8D63301, 0x8D73301, 0x8D83301, 0x8D93301, 0x8DA3301, 0x8DB3301, 
    0x8DC3301, 0x8DD3301, 0x8DE3301, 0x8DF3301, 0x8E03301, 0x8E13301, 0, 0x8E32E01, 0x8E43301, 0x8E53301, 0x8E62E01, 
    0x8E73301, 0x8E83301, 0x8E92E01, 0x8EA3301, 0x8EB3301, 0x8EC3301, 0x8ED2E01, 0x8EE2E01, 0x8EF2E01, 0x8F01701, 
    0x8F11801, 0x8F21901, 0x8F33301, 0x8F43301, 0x8F53301, 0x8F62E01, 0x8F73301, 0x8F83301, 0x8F92E01, 0x8FA2E01, 
    0x8FB3301, 0x8FC3301, 0x8FD3301, 0x8FE3301, 0x8FF3301, 0, 0, 0, 0, 0, 0, 0, 0, 0, 0, 0, 0, 0, 0, 0, 0, 0, 0, 0, 0, 0, 
    0, 0, 0, 0, 0, 0, 0, 0, 0, 0, 0, 0, 0, 0, 0, 0, 0, 0, 0, 0, 0x93C0300092802, 0, 0, 0, 0, 0, 0, 0, 0x93C0300093002, 0, 
    0, 0x93C0300093302, 0, 0, 0, 0, 0, 0, 0, 0x93C0301, 0, 0, 0, 0, 0, 0, 0, 0, 0, 0, 0, 0, 0, 0, 0, 0, 0x94D0501, 0, 0, 0, 
    0x9513301, 0x9522E01, 0x9533301, 0x9543301, 0, 0, 0, 0x93C0300091502, 0x93C0300091602, 0x93C0300091702, 
    0x93C0300091C02, 0x93C0300092102, 0x93C0300092202, 0x93C0300092B02, 0x93C0300092F02, 0, 0, 0, 0, 0, 0, 0, 0, 0, 0, 0, 
    0, 0, 0, 0, 0, 0, 0, 0, 0, 0, 0, 0, 0, 0, 0, 0, 0, 0, 0, 0, 0, 0, 0, 0, 0, 0, 0, 0, 0, 0, 0, 0, 0, 0, 0, 0, 0, 0, 0, 0, 
    0, 0, 0, 0, 0, 0, 0, 0, 0, 0, 0, 0, 0, 0, 0, 0, 0, 0, 0, 0, 0, 0, 0, 0, 0, 0, 0, 0, 0, 0, 0, 0, 0, 0, 0, 0, 0, 0, 0, 0, 
    0, 0x9BC0301, 0, 0, 0, 0, 0, 0, 0, 0, 0, 0, 0, 0, 0, 0, 0x9BE000009C702, 0x9D7000009C702, 0x9CD0501, 0, 0, 0, 0, 0, 0, 
    0, 0, 0, 0, 0, 0, 0, 0, 0x9BC030009A102, 0x9BC030009A202, 0, 0x9BC030009AF02, 0, 0, 0, 0, 0, 0, 0, 0, 0, 0, 0, 0, 0, 0, 
    0, 0, 0, 0, 0, 0, 0, 0, 0, 0, 0, 0, 0, 0, 0, 0, 0x9FE3301, 0, 0, 0, 0, 0, 0, 0, 0, 0, 0, 0, 0, 0, 0, 0, 0, 0, 0, 0, 0, 
    0, 0, 0, 0, 0, 0, 0, 0, 0, 0, 0, 0, 0, 0, 0, 0, 0, 0, 0, 0, 0, 0, 0, 0, 0, 0, 0, 0, 0, 0, 0, 0, 0xA3C03000A3202, 0, 0, 
    0xA3C03000A3802, 0, 0, 0, 0, 0, 0xA3C0301, 0, 0, 0, 0, 0, 0, 0, 0, 0, 0, 0, 0, 0, 0, 0, 0, 0xA4D0501, 0, 0, 0, 0, 0, 0, 
    0, 0, 0, 0, 0, 0xA3C03000A1602, 0xA3C03000A1702, 0xA3C03000A1C02, 0, 0, 0xA3C03000A2B02, 0, 0, 0, 0, 0, 0, 0, 0, 0, 0, 
    0, 0, 0, 0, 0, 0, 0, 0, 0, 0, 0, 0, 0, 0, 0, 0, 0, 0, 0, 0, 0, 0, 0, 0, 0, 0, 0, 0, 0, 0, 0, 0, 0, 0, 0, 0, 0, 0, 0, 0, 
    0, 0, 0, 0, 0, 0, 0, 0, 0, 0, 0, 0, 0, 0, 0, 0, 0, 0, 0, 0, 0, 0, 0, 0, 0, 0, 0, 0, 0, 0, 0, 0, 0, 0, 0, 0, 0, 0, 0, 0, 
    0, 0, 0, 0xABC0301, 0, 0, 0, 0, 0, 0, 0, 0, 0, 0, 0, 0, 0, 0, 0, 0, 0xACD0501, 0, 0, 0, 0, 0, 0, 0, 0, 0, 0, 0, 0, 0, 
    0, 0, 0, 0, 0, 0, 0, 0, 0, 0, 0, 0, 0, 0, 0, 0, 0, 0, 0, 0, 0, 0, 0, 0, 0, 0, 0, 0, 0, 0, 0, 0, 0, 0, 0, 0, 0, 0, 0, 0, 
    0, 0, 0, 0, 0, 0, 0, 0, 0, 0, 0, 0, 0, 0, 0, 0, 0, 0, 0, 0, 0, 0, 0, 0, 0, 0, 0, 0, 0, 0, 0, 0, 0, 0, 0, 0, 0, 0, 0, 0, 
    0, 0, 0, 0, 0, 0, 0, 0, 0, 0, 0, 0, 0, 0, 0, 0, 0, 0xB3C0301, 0, 0, 0, 0, 0, 0, 0, 0, 0, 0, 0, 0xB5600000B4702, 0, 0, 
    0xB3E00000B4702, 0xB5700000B4702, 0xB4D0501, 0, 0, 0, 0, 0, 0, 0, 0, 0, 0, 0, 0, 0, 0, 0xB3C03000B2102, 
    0xB3C03000B2202, 0, 0, 0, 0, 0, 0, 0, 0, 0, 0, 0, 0, 0, 0, 0, 0, 0, 0, 0, 0, 0, 0, 0, 0, 0, 0, 0, 0, 0, 0, 0, 0, 0, 0, 
    0, 0, 0, 0, 0, 0, 0, 0, 0, 0, 0, 0, 0, 0, 0, 0, 0, 0, 0, 0, 0xBD700000B9202, 0, 0, 0, 0, 0, 0, 0, 0, 0, 0, 0, 0, 0, 0, 
    0, 0, 0, 0, 0, 0, 0, 0, 0, 0, 0, 0, 0, 0, 0, 0, 0, 0, 0, 0, 0, 0, 0, 0, 0, 0, 0, 0, 0, 0, 0, 0, 0, 0, 0, 0, 0, 0, 0, 
    0xBBE00000BC602, 0xBBE00000BC702, 0xBD700000BC602, 0xBCD0501, 0, 0, 0, 0, 0, 0, 0, 0, 0, 0, 0, 0, 0, 0, 0, 0, 0, 0, 0, 
    0, 0, 0, 0, 0, 0, 0, 0, 0, 0, 0, 0, 0, 0, 0, 0, 0, 0, 0, 0, 0, 0, 0, 0, 0, 0, 0, 0, 0, 0, 0, 0, 0, 0, 0, 0, 0, 0, 0, 0, 
    0, 0, 0, 0, 0, 0, 0, 0, 0, 0, 0, 0, 0, 0, 0, 0, 0, 0, 0, 0, 0, 0, 0, 0, 0, 0, 0, 0, 0, 0, 0, 0, 0, 0, 0, 0, 0, 0, 0, 0, 
    0, 0, 0, 0, 0, 0, 0, 0, 0, 0, 0, 0xC3C0301, 0, 0, 0, 0, 0, 0, 0, 0, 0, 0, 0, 0xC5622000C4602, 0, 0, 0, 0, 0xC4D0501, 0, 
    0, 0, 0, 0, 0, 0, 0xC552101, 0xC562201, 0, 0, 0, 0, 0, 0, 0, 0, 0, 0, 0, 0, 0, 0, 0, 0, 0, 0, 0, 0, 0, 0, 0, 0, 0, 0, 
    0, 0, 0, 0, 0, 0, 0, 0, 0, 0, 0, 0, 0, 0, 0, 0, 0, 0, 0, 0, 0, 0, 0, 0, 0, 0, 0, 0, 0, 0, 0, 0, 0, 0, 0, 0, 0, 0, 0, 0, 
    0, 0, 0, 0, 0, 0, 0, 0, 0, 0, 0, 0, 0, 0, 0, 0, 0, 0, 0, 0, 0, 0, 0, 0, 0, 0, 0, 0, 0, 0, 0, 0, 0, 0, 0, 0xCBC0301, 0, 
    0, 0, 0xCD500000CBF02, 0, 0, 0, 0, 0, 0, 0xCD500000CC602, 0xCD600000CC602, 0, 0xCC200000CC602, 0xCD5000CC2000CC6, 0, 
    0xCCD0501, 0, 0, 0, 0, 0, 0, 0, 0, 0, 0, 0, 0, 0, 0, 0, 0, 0, 0, 0, 0, 0, 0, 0, 0, 0, 0, 0, 0, 0, 0, 0, 0, 0, 0, 0, 0, 
    0, 0, 0, 0, 0, 0, 0, 0, 0, 0, 0, 0, 0, 0, 0, 0, 0, 0, 0, 0, 0, 0, 0, 0, 0, 0, 0, 0, 0, 0, 0, 0, 0, 0, 0, 0, 0, 0, 0, 0, 
    0, 0, 0, 0, 0, 0, 0, 0, 0, 0, 0, 0, 0, 0, 0, 0, 0, 0, 0, 0, 0, 0, 0, 0, 0, 0, 0, 0, 0, 0, 0, 0, 0, 0xD3B0501, 
    0xD3C0501, 0, 0, 0, 0, 0, 0, 0, 0, 0, 0, 0, 0, 0, 0xD3E00000D4602, 0xD3E00000D4702, 0xD5700000D4602, 0xD4D0501, 0, 0, 
    0, 0, 0, 0, 0, 0, 0, 0, 0, 0, 0, 0, 0, 0, 0, 0, 0, 0, 0, 0, 0, 0, 0, 0, 0, 0, 0, 0, 0, 0, 0, 0, 0, 0, 0, 0, 0, 0, 0, 0, 
    0, 0, 0, 0, 0, 0, 0, 0, 0, 0, 0, 0, 0, 0, 0, 0, 0, 0, 0, 0, 0, 0, 0, 0, 0, 0, 0, 0, 0, 0, 0, 0, 0, 0, 0, 0, 0, 0, 0, 0, 
    0, 0, 0, 0, 0, 0, 0, 0, 0, 0, 0, 0, 0, 0, 0, 0, 0, 0, 0, 0, 0, 0, 0, 0, 0, 0, 0, 0, 0, 0, 0, 0, 0, 0, 0, 0, 0, 0, 0, 0, 
    0, 0, 0xDCA0501, 0, 0, 0, 0, 0, 0, 0, 0, 0, 0, 0, 0, 0, 0, 0, 0xDCA05000DD902, 0, 0xDCF00000DD902, 0xDCA050DCF000DD9, 
    0xDDF00000DD902, 0, 0, 0, 0, 0, 0, 0, 0, 0, 0, 0, 0, 0, 0, 0, 0, 0, 0, 0, 0, 0, 0, 0, 0, 0, 0, 0, 0, 0, 0, 0, 0, 0, 0, 
    0, 0, 0, 0, 0, 0, 0, 0, 0, 0, 0, 0, 0, 0, 0, 0, 0, 0, 0, 0, 0, 0, 0, 0, 0, 0, 0, 0, 0, 0, 0, 0, 0, 0, 0, 0, 0, 0, 0, 0, 
    0, 0, 0, 0, 0, 0, 0, 0, 0, 0, 0, 0, 0, 0, 0, 0xE382301, 0xE392301, 0xE3A0501, 0, 0, 0, 0, 0, 0, 0, 0, 0, 0, 0, 0, 0, 
    0xE482401, 0xE492401, 0xE4A2401, 0xE4B2401, 0, 0, 0, 0, 0, 0, 0, 0, 0, 0, 0, 0, 0, 0, 0, 0, 0, 0, 0, 0, 0, 0, 0, 0, 0, 
    0, 0, 0, 0, 0, 0, 0, 0, 0, 0, 0, 0, 0, 0, 0, 0, 0, 0, 0, 0, 0, 0, 0, 0, 0, 0, 0, 0, 0, 0, 0, 0, 0, 0, 0, 0, 0, 0, 0, 0, 
    0, 0, 0, 0, 0, 0, 0, 0, 0, 0, 0, 0, 0, 0, 0, 0, 0, 0, 0, 0, 0, 0, 0, 0, 0, 0, 0, 0, 0, 0, 0, 0, 0, 0, 0, 0, 0, 0, 0, 0, 
    0, 0, 0, 0xEB82501, 0xEB92501, 0xEBA0501, 0, 0, 0, 0, 0, 0, 0, 0, 0, 0, 0, 0, 0, 0xEC82601, 0xEC92601, 0xECA2601, 
    0xECB2601, 0, 0, 0, 0, 0, 0, 0, 0, 0, 0, 0, 0, 0, 0, 0, 0, 0, 0, 0, 0, 0, 0, 0, 0, 0, 0, 0, 0, 0, 0, 0, 0, 0, 0, 0, 0, 
    0, 0, 0, 0, 0, 0, 0, 0, 0, 0, 0, 0, 0, 0, 0, 0, 0, 0, 0, 0, 0, 0, 0, 0, 0, 0, 0, 0, 0, 0, 0, 0, 0, 0, 0, 0, 0, 0, 0, 0, 
    0xF182E01, 0xF192E01, 0, 0, 0, 0, 0, 0, 0, 0, 0, 0, 0, 0, 0, 0, 0, 0, 0, 0, 0, 0, 0, 0, 0, 0, 0, 0, 0, 0xF352E01, 0, 
    0xF372E01, 0, 0xF392C01, 0, 0, 0, 0, 0, 0, 0, 0, 0, 0xFB700000F4202, 0, 0, 0, 0, 0, 0, 0, 0, 0, 0xFB700000F4C02, 0, 0, 
    0, 0, 0xFB700000F5102, 0, 0, 0, 0, 0xFB700000F5602, 0, 0, 0, 0, 0xFB700000F5B02, 0, 0, 0, 0, 0, 0, 0, 0, 0, 0, 0, 0, 
    0xFB500000F4002, 0, 0, 0, 0, 0, 0, 0, 0xF712701, 0xF722801, 0x50204, 0xF742901, 0x70204, 0xF8028000FB202, 0, 
    0xF8028000FB302, 0, 0xF7A2801, 0xF7B2801, 0xF7C2801, 0xF7D2801, 0, 0, 0xF802801, 0x90204, 0xF823301, 0xF833301, 
    0xF840501, 0, 0xF863301, 0xF873301, 0, 0, 0, 0, 0, 0, 0, 0, 0, 0, 0, 0xFB700000F9202, 0, 0, 0, 0, 0, 0, 0, 0, 0, 
    0xFB700000F9C02, 0, 0, 0, 0, 0xFB700000FA102, 0, 0, 0, 0, 0xFB700000FA602, 0, 0, 0, 0, 0xFB700000FAB02, 0, 0, 0, 0, 0, 
    0, 0, 0, 0, 0, 0, 0, 0xFB500000F9002, 0, 0, 0, 0, 0, 0, 0, 0, 0, 0, 0, 0, 0xFC62E01, 0, 0, 0, 0, 0, 0, 0, 0, 0, 0, 0, 
    0, 0, 0, 0, 0, 0, 0, 0, 0, 0, 0, 0, 0, 0, 0, 0, 0, 0, 0, 0, 0, 0, 0, 0, 0, 0, 0, 0, 0, 0, 0, 0, 0, 0, 0, 0, 0, 0, 0, 0, 
    0, 0, 0, 0, 0, 0, 0, 0, 0, 0, 0, 0, 0, 0, 0, 0, 0, 0, 0, 0, 0, 0, 0, 0, 0, 0, 0, 0, 0, 0, 0, 0, 0, 0, 0, 0, 0, 0, 0, 0, 
    0, 0, 0, 0, 0x102E0000102502, 0, 0, 0, 0, 0, 0, 0, 0, 0, 0, 0, 0, 0, 0, 0, 0, 0x10370301, 0, 0x10390501, 0x103A0501, 0, 
    0, 0, 0, 0, 0, 0, 0, 0, 0, 0, 0, 0, 0, 0, 0, 0, 0, 0, 0, 0, 0, 0, 0, 0, 0, 0, 0, 0, 0, 0, 0, 0, 0, 0, 0, 0, 0, 0, 0, 0, 
    0, 0, 0, 0, 0, 0, 0, 0, 0, 0, 0, 0, 0, 0, 0, 0, 0, 0, 0, 0, 0, 0, 0, 0, 0, 0, 0, 0, 0, 0, 0, 0, 0, 0, 0, 0, 0, 0, 0, 0, 
    0, 0x108D2E01, 0, 0, 0, 0, 0, 0, 0, 0, 0, 0, 0, 0, 0, 0, 0, 0, 0, 0, 0, 0, 0, 0, 0, 0, 0, 0, 0, 0, 0, 0, 0, 0, 0, 0, 0, 
    0, 0, 0, 0, 0, 0, 0, 0, 0, 0, 0, 0, 0, 0, 0, 0, 0, 0, 0, 0, 0, 0, 0, 0, 0, 0, 0, 0, 0, 0, 0, 0, 0, 0, 0, 0, 0, 0, 0, 0, 
    0, 0, 0, 0, 0, 0, 0, 0, 0, 0, 0, 0, 0, 0, 0, 0, 0, 0, 0, 0, 0, 0, 0, 0, 0, 0, 0, 0, 0, 0, 0, 0, 0, 0, 0, 0, 0, 0, 0, 0, 
    0, 0, 0, 0, 0, 0, 0, 0, 0, 0, 0, 0, 0, 0, 0, 0, 0, 0, 0, 0, 0, 0, 0, 0, 0, 0, 0, 0, 0, 0, 0, 0, 0, 0, 0, 0, 0, 0, 0, 0, 
    0, 0, 0, 0, 0, 0, 0, 0, 0, 0, 0, 0, 0, 0, 0, 0, 0, 0, 0, 0, 0, 0, 0, 0, 0, 0, 0, 0, 0, 0, 0, 0, 0, 0, 0, 0, 0, 0, 0, 0, 
    0, 0, 0, 0, 0, 0, 0, 0, 0, 0, 0, 0, 0x135D3301, 0x135E3301, 0x135F3301, 0, 0, 0, 0, 0, 0, 0, 0, 0, 0, 0, 0, 0, 0, 0, 0, 
    0, 0, 0, 0, 0, 0, 0, 0, 0, 0, 0, 0, 0, 0, 0, 0, 0, 0, 0, 0, 0, 0, 0, 0, 0, 0, 0, 0, 0, 0, 0, 0, 0, 0, 0, 0, 0x17140501, 
    0x17150501, 0, 0, 0, 0, 0, 0, 0, 0, 0, 0, 0, 0, 0, 0, 0, 0, 0, 0, 0, 0, 0, 0, 0, 0, 0, 0, 0, 0, 0, 0, 0x17340501, 0, 0, 
    0, 0, 0, 0, 0, 0, 0, 0, 0, 0, 0, 0, 0, 0, 0, 0, 0, 0, 0, 0, 0, 0, 0, 0, 0, 0, 0, 0, 0, 0, 0, 0, 0, 0, 0, 0, 0, 0, 0, 0, 
    0, 0, 0, 0, 0, 0, 0, 0, 0, 0, 0, 0, 0, 0, 0, 0, 0, 0, 0, 0, 0, 0, 0, 0, 0, 0, 0, 0, 0, 0, 0, 0, 0, 0, 0, 0, 0, 0, 0, 0, 
    0, 0, 0, 0, 0, 0, 0, 0, 0, 0, 0, 0, 0, 0, 0, 0, 0, 0, 0, 0, 0, 0, 0, 0, 0, 0, 0, 0, 0, 0, 0, 0, 0, 0, 0, 0, 0, 0, 0, 0, 
    0, 0, 0, 0, 0, 0, 0, 0, 0, 0, 0, 0, 0, 0, 0, 0, 0, 0, 0, 0, 0, 0, 0, 0, 0, 0, 0, 0, 0, 0, 0, 0, 0, 0, 0, 0x17D20501, 0, 
    0, 0, 0, 0, 0, 0, 0, 0, 0, 0x17DD3301, 0, 0, 0, 0, 0, 0, 0, 0, 0, 0, 0, 0, 0, 0, 0, 0, 0, 0, 0, 0, 0, 0, 0, 0, 0, 0, 0, 
    0, 0, 0, 0, 0, 0, 0, 0, 0, 0, 0, 0, 0, 0, 0, 0, 0, 0, 0, 0, 0, 0, 0, 0, 0, 0, 0, 0, 0, 0, 0, 0, 0, 0, 0, 0, 0, 0, 0, 0, 
    0, 0, 0, 0, 0, 0, 0, 0, 0x18A93201, 0, 0, 0, 0, 0, 0, 0, 0, 0, 0, 0, 0, 0, 0, 0, 0, 0, 0, 0, 0, 0, 0, 0, 0, 0, 0, 0, 0, 
    0, 0, 0, 0, 0, 0, 0, 0, 0, 0, 0, 0, 0, 0, 0, 0, 0, 0, 0, 0, 0, 0, 0, 0, 0, 0, 0, 0, 0, 0, 0, 0, 0, 0, 0, 0, 0, 0, 0, 0, 
    0, 0, 0, 0, 0, 0, 0, 0, 0, 0, 0, 0, 0, 0, 0, 0, 0, 0, 0, 0, 0, 0, 0, 0, 0, 0, 0, 0, 0, 0, 0, 0, 0, 0, 0, 0, 0, 0, 0, 0, 
    0, 0, 0, 0, 0, 0, 0, 0, 0, 0, 0, 0, 0, 0, 0, 0, 0, 0, 0, 0, 0, 0, 0, 0, 0, 0, 0, 0, 0, 0, 0, 0, 0, 0, 0, 0x19392F01, 
    0x193A3301, 0x193B2E01, 0, 0, 0, 0, 0, 0, 0, 0, 0, 0, 0, 0, 0, 0, 0, 0, 0, 0, 0, 0, 0, 0, 0, 0, 0, 0, 0, 0, 0, 0, 0, 0, 
    0, 0, 0, 0, 0, 0, 0, 0, 0, 0, 0, 0, 0, 0, 0, 0, 0, 0, 0, 0, 0, 0, 0, 0, 0, 0, 0, 0, 0, 0, 0, 0, 0, 0, 0, 0, 0, 0, 0, 0, 
    0, 0, 0, 0, 0, 0, 0, 0, 0, 0, 0, 0, 0, 0, 0, 0, 0, 0, 0, 0x1A173301, 0x1A182E01, 0, 0, 0, 0, 0, 0, 0, 0, 0, 0, 0, 0, 0, 
    0, 0, 0, 0, 0, 0, 0, 0, 0, 0, 0, 0, 0, 0, 0, 0, 0, 0, 0, 0, 0, 0, 0, 0, 0, 0, 0, 0, 0, 0, 0, 0, 0, 0, 0, 0, 0, 0, 0, 0, 
    0, 0, 0, 0, 0, 0, 0, 0, 0, 0, 0, 0, 0, 0, 0, 0, 0, 0, 0x1A600501, 0, 0, 0, 0, 0, 0, 0, 0, 0, 0, 0, 0, 0, 0, 0, 0, 0, 0, 
    0, 0, 0x1A753301, 0x1A763301, 0x1A773301, 0x1A783301, 0x1A793301, 0x1A7A3301, 0x1A7B3301, 0x1A7C3301, 0, 0, 0x1A7F2E01, 
    0, 0, 0, 0, 0, 0, 0, 0, 0, 0, 0, 0, 0, 0, 0, 0, 0, 0, 0, 0, 0, 0, 0, 0, 0, 0, 0, 0, 0, 0, 0, 0, 0, 0, 0, 0, 0, 0, 0, 0, 
    0, 0, 0, 0, 0, 0, 0, 0, 0x1AB03301, 0x1AB13301, 0x1AB23301, 0x1AB33301, 0x1AB43301, 0x1AB52E01, 0x1AB62E01, 0x1AB72E01, 
    0x1AB82E01, 0x1AB92E01, 0x1ABA2E01, 0x1ABB3301, 0x1ABC3301, 0x1ABD2E01, 0, 0x1ABF2E01, 0x1AC02E01, 0x1AC13301, 
    0x1AC23301, 0x1AC32E01, 0x1AC42E01, 0x1AC53301, 0x1AC63301, 0x1AC73301, 0x1AC83301, 0x1AC93301, 0x1ACA2E01, 0x1ACB3301, 
    0x1ACC3301, 0x1ACD3301, 0x1ACE3301, 0, 0, 0, 0, 0, 0, 0, 0, 0, 0, 0, 0, 0, 0, 0, 0, 0, 0, 0, 0, 0, 0, 0, 0, 0, 0, 0, 0, 
    0, 0, 0, 0, 0, 0, 0, 0, 0, 0, 0, 0, 0, 0, 0, 0, 0, 0, 0, 0, 0, 0, 0, 0, 0, 0, 0, 0x1B3500001B0502, 0, 0x1B3500001B0702, 
    0, 0x1B3500001B0902, 0, 0x1B3500001B0B02, 0, 0x1B3500001B0D02, 0, 0, 0, 0x1B3500001B1102, 0, 0, 0, 0, 0, 0, 0, 0, 0, 0, 
    0, 0, 0, 0, 0, 0, 0, 0, 0, 0, 0, 0, 0, 0, 0, 0, 0, 0, 0, 0, 0, 0, 0, 0x1B340301, 0, 0, 0, 0, 0, 0, 0x1B3500001B3A02, 0, 
    0x1B3500001B3C02, 0, 0, 0x1B3500001B3E02, 0x1B3500001B3F02, 0, 0x1B3500001B4202, 0x1B440501, 0, 0, 0, 0, 0, 0, 0, 0, 0, 
    0, 0, 0, 0, 0, 0, 0, 0, 0, 0, 0, 0, 0, 0, 0, 0, 0, 0, 0, 0, 0, 0, 0, 0, 0, 0, 0, 0, 0, 0x1B6B3301, 0x1B6C2E01, 
    0x1B6D3301, 0x1B6E3301, 0x1B6F3301, 0x1B703301, 0x1B713301, 0x1B723301, 0x1B733301, 0, 0, 0, 0, 0, 0, 0, 0, 0, 0, 0, 0, 
    0, 0, 0, 0, 0, 0, 0, 0, 0, 0, 0, 0, 0, 0, 0, 0, 0, 0, 0, 0, 0, 0, 0, 0, 0, 0, 0, 0, 0, 0, 0, 0, 0, 0, 0, 0, 0, 0, 0, 0, 
    0, 0, 0x1BAA0501, 0x1BAB0501, 0, 0, 0, 0, 0, 0, 0, 0, 0, 0, 0, 0, 0, 0, 0, 0, 0, 0, 0, 0, 0, 0, 0, 0, 0, 0, 0, 0, 0, 0, 
    0, 0, 0, 0, 0, 0, 0, 0, 0, 0, 0, 0, 0, 0, 0, 0, 0, 0, 0, 0, 0, 0, 0, 0, 0, 0, 0, 0, 0x1BE60301, 0, 0, 0, 0, 0, 0, 0, 0, 
    0, 0, 0, 0x1BF20501, 0x1BF30501, 0, 0, 0, 0, 0, 0, 0, 0, 0, 0, 0, 0, 0, 0, 0, 0, 0, 0, 0, 0, 0, 0, 0, 0, 0, 0, 0, 0, 0, 
    0, 0, 0, 0, 0, 0, 0, 0, 0, 0, 0, 0, 0, 0, 0, 0, 0, 0, 0, 0, 0, 0, 0, 0, 0, 0, 0, 0, 0, 0, 0, 0, 0, 0, 0, 0, 0, 0, 
    0x1C370301, 0, 0, 0, 0, 0, 0, 0, 0, 0, 0, 0, 0, 0, 0, 0, 0, 0, 0, 0, 0, 0, 0, 0, 0, 0, 0, 0, 0, 0, 0, 0, 0, 0, 0, 0, 0, 
    0, 0, 0, 0, 0, 0, 0, 0, 0, 0, 0, 0, 0, 0, 0, 0, 0, 0, 0, 0, 0, 0, 0, 0, 0, 0, 0, 0, 0, 0, 0, 0, 0, 0, 0, 0, 0, 0, 0, 0, 
    0, 0, 0, 0, 0, 0, 0, 0, 0, 0, 0, 0, 0, 0, 0, 0, 0, 0, 0, 0, 0, 0, 0, 0, 0, 0, 0, 0, 0, 0, 0, 0, 0, 0, 0, 0, 0, 0, 0, 0, 
    0, 0, 0, 0, 0, 0, 0, 0, 0, 0, 0, 0, 0, 0, 0, 0, 0, 0, 0, 0, 0, 0, 0, 0, 0, 0, 0, 0, 0, 0, 0, 0, 0, 0, 0, 0, 0x1CD03301, 
    0x1CD13301, 0x1CD23301, 0, 0x1CD40101, 0x1CD52E01, 0x1CD62E01, 0x1CD72E01, 0x1CD82E01, 0x1CD92E01, 0x1CDA3301, 
    0x1CDB3301, 0x1CDC2E01, 0x1CDD2E01, 0x1CDE2E01, 0x1CDF2E01, 0x1CE03301, 0, 0x1CE20101, 0x1CE30101, 0x1CE40101, 
    0x1CE50101, 0x1CE60101, 0x1CE70101, 0x1CE80101, 0, 0, 0, 0, 0x1CED2E01, 0, 0, 0, 0, 0, 0, 0x1CF43301, 0, 0, 0, 
    0x1CF83301, 0x1CF93301, 0, 0, 0, 0, 0, 0, 0, 0, 0, 0, 0, 0, 0, 0, 0, 0, 0, 0, 0, 0, 0, 0, 0, 0, 0, 0, 0, 0, 0, 0, 0, 0, 
    0, 0, 0, 0, 0, 0, 0, 0, 0, 0, 0, 0, 0, 0, 0, 0, 0, 0, 0, 0, 0, 0, 0, 0, 0, 0, 0, 0, 0, 0, 0, 0, 0, 0, 0, 0, 0, 0, 
    0x1DC03301, 0x1DC13301, 0x1DC22E01, 0x1DC33301, 0x1DC43301, 0x1DC53301, 0x1DC63301, 0x1DC73301, 0x1DC83301, 0x1DC93301, 
    0x1DCA2E01, 0x1DCB3301, 0x1DCC3301, 0x1DCD3601, 0x1DCE2B01, 0x1DCF2E01, 0x1DD02A01, 0x1DD13301, 0x1DD23301, 0x1DD33301, 
    0x1DD43301, 0x1DD53301, 0x1DD63301, 0x1DD73301, 0x1DD83301, 0x1DD93301, 0x1DDA3301, 0x1DDB3301, 0x1DDC3301, 0x1DDD3301, 
    0x1DDE3301, 0x1DDF3301, 0x1DE03301, 0x1DE13301, 0x1DE23301, 0x1DE33301, 0x1DE43301, 0x1DE53301, 0x1DE63301, 0x1DE73301, 
    0x1DE83301, 0x1DE93301, 0x1DEA3301, 0x1DEB3301, 0x1DEC3301, 0x1DED3301, 0x1DEE3301, 0x1DEF3301, 0x1DF03301, 0x1DF13301, 
    0x1DF23301, 0x1DF33301, 0x1DF43301, 0x1DF53301, 0x1DF63401, 0x1DF73201, 0x1DF83201, 0x1DF92E01, 0x1DFA2D01, 0x1DFB3301, 
    0x1DFC3501, 0x1DFD2E01, 0x1DFE3301, 0x1DFF2E01, 0x3252E00004102, 0x3252E00006102, 0x3073300004202, 0x3073300006202, 
    0x3232E00004202, 0x3232E00006202, 0x3312E00004202, 0x3312E00006202, 0x3013303272A0043, 0x3013303272A0063, 
    0x3073300004402, 0x3073300006402, 0x3232E00004402, 0x3232E00006402, 0x3312E00004402, 0x3312E00006402, 0x3272A00004402, 
    0x3272A00006402, 0x32D2E00004402, 0x32D2E00006402, 0x300330304330045, 0x300330304330065, 0x301330304330045, 
    0x301330304330065, 0x32D2E00004502, 0x32D2E00006502, 0x3302E00004502, 0x3302E00006502, 0x3063303272A0045, 
    0x3063303272A0065, 0x3073300004602, 0x3073300006602, 0x3043300004702, 0x3043300006702, 0x3073300004802, 
    0x3073300006802, 0x3232E00004802, 0x3232E00006802, 0x3083300004802, 0x3083300006802, 0x3272A00004802, 0x3272A00006802, 
    0x32E2E00004802, 0x32E2E00006802, 0x3302E00004902, 0x3302E00006902, 0x301330308330049, 0x301330308330069, 
    0x3013300004B02, 0x3013300006B02, 0x3232E00004B02, 0x3232E00006B02, 0x3312E00004B02, 0x3312E00006B02, 0x3232E00004C02, 
    0x3232E00006C02, 0x3043303232E004C, 0x3043303232E006C, 0x3312E00004C02, 0x3312E00006C02, 0x32D2E00004C02, 
    0x32D2E00006C02, 0x3013300004D02, 0x3013300006D02, 0x3073300004D02, 0x3073300006D02, 0x3232E00004D02, 0x3232E00006D02, 
    0x3073300004E02, 0x3073300006E02, 0x3232E00004E02, 0x3232E00006E02, 0x3312E00004E02, 0x3312E00006E02, 0x32D2E00004E02, 
    0x32D2E00006E02, 0x30133030333004F, 0x30133030333006F, 0x30833030333004F, 0x30833030333006F, 0x30033030433004F, 
    0x30033030433006F, 0x30133030433004F, 0x30133030433006F, 0x3013300005002, 0x3013300007002, 0x3073300005002, 
    0x3073300007002, 0x3073300005202, 0x3073300007202, 0x3232E00005202, 0x3232E00007202, 0x3043303232E0052, 
    0x3043303232E0072, 0x3312E00005202, 0x3312E00007202, 0x3073300005302, 0x3073300007302, 0x3232E00005302, 
    0x3232E00007302, 0x307330301330053, 0x307330301330073, 0x30733030C330053, 0x30733030C330073, 0x3073303232E0053, 
    0x3073303232E0073, 0x3073300005402, 0x3073300007402, 0x3232E00005402, 0x3232E00007402, 0x3312E00005402, 
    0x3312E00007402, 0x32D2E00005402, 0x32D2E00007402, 0x3242E00005502, 0x3242E00007502, 0x3302E00005502, 0x3302E00007502, 
    0x32D2E00005502, 0x32D2E00007502, 0x301330303330055, 0x301330303330075, 0x308330304330055, 0x308330304330075, 
    0x3033300005602, 0x3033300007602, 0x3232E00005602, 0x3232E00007602, 0x3003300005702, 0x3003300007702, 0x3013300005702, 
    0x3013300007702, 0x3083300005702, 0x3083300007702, 0x3073300005702, 0x3073300007702, 0x3232E00005702, 0x3232E00007702, 
    0x3073300005802, 0x3073300007802, 0x3083300005802, 0x3083300007802, 0x3073300005902, 0x3073300007902, 0x3023300005A02, 
    0x3023300007A02, 0x3232E00005A02, 0x3232E00007A02, 0x3312E00005A02, 0x3312E00007A02, 0x3312E00006802, 0x3083300007402, 
    0x30A3300007702, 0x30A3300007902, 0, 0x3073300017F02, 0, 0, 0, 0, 0x3232E00004102, 0x3232E00006102, 0x3093300004102, 
    0x3093300006102, 0x301330302330041, 0x301330302330061, 0x300330302330041, 0x300330302330061, 0x309330302330041, 
    0x309330302330061, 0x303330302330041, 0x303330302330061, 0x3023303232E0041, 0x3023303232E0061, 0x301330306330041, 
    0x301330306330061, 0x300330306330041, 0x300330306330061, 0x309330306330041, 0x309330306330061, 0x303330306330041, 
    0x303330306330061, 0x3063303232E0041, 0x3063303232E0061, 0x3232E00004502, 0x3232E00006502, 0x3093300004502, 
    0x3093300006502, 0x3033300004502, 0x3033300006502, 0x301330302330045, 0x301330302330065, 0x300330302330045, 
    0x300330302330065, 0x309330302330045, 0x309330302330065, 0x303330302330045, 0x303330302330065, 0x3023303232E0045, 
    0x3023303232E0065, 0x3093300004902, 0x3093300006902, 0x3232E00004902, 0x3232E00006902, 0x3232E00004F02, 
    0x3232E00006F02, 0x3093300004F02, 0x3093300006F02, 0x30133030233004F, 0x30133030233006F, 0x30033030233004F, 
    0x30033030233006F, 0x30933030233004F, 0x30933030233006F, 0x30333030233004F, 0x30333030233006F, 0x3023303232E004F, 
    0x3023303232E006F, 0x30133031B2C004F, 0x30133031B2C006F, 0x30033031B2C004F, 0x30033031B2C006F, 0x30933031B2C004F, 
    0x30933031B2C006F, 0x30333031B2C004F, 0x30333031B2C006F, 0x3232E031B2C004F, 0x3232E031B2C006F, 0x3232E00005502, 
    0x3232E00007502, 0x3093300005502, 0x3093300007502, 0x30133031B2C0055, 0x30133031B2C0075, 0x30033031B2C0055, 
    0x30033031B2C0075, 0x30933031B2C0055, 0x30933031B2C0075, 0x30333031B2C0055, 0x30333031B2C0075, 0x3232E031B2C0055, 
    0x3232E031B2C0075, 0x3003300005902, 0x3003300007902, 0x3232E00005902, 0x3232E00007902, 0x3093300005902, 
    0x3093300007902, 0x3033300005902, 0x3033300007902, 0, 0, 0, 0, 0, 0, 0x313330003B102, 0x314330003B102, 
    0x3003303133303B1, 0x3003303143303B1, 0x3013303133303B1, 0x3013303143303B1, 0x3423303133303B1, 0x3423303143303B1, 
    0x3133300039102, 0x3143300039102, 0x300330313330391, 0x300330314330391, 0x301330313330391, 0x301330314330391, 
    0x342330313330391, 0x342330314330391, 0x313330003B502, 0x314330003B502, 0x3003303133303B5, 0x3003303143303B5, 
    0x3013303133303B5, 0x3013303143303B5, 0, 0, 0x3133300039502, 0x3143300039502, 0x300330313330395, 0x300330314330395, 
    0x301330313330395, 0x301330314330395, 0, 0, 0x313330003B702, 0x314330003B702, 0x3003303133303B7, 0x3003303143303B7, 
    0x3013303133303B7, 0x3013303143303B7, 0x3423303133303B7, 0x3423303143303B7, 0x3133300039702, 0x3143300039702, 
    0x300330313330397, 0x300330314330397, 0x301330313330397, 0x301330314330397, 0x342330313330397, 0x342330314330397, 
    0x313330003B902, 0x314330003B902, 0x3003303133303B9, 0x3003303143303B9, 0x3013303133303B9, 0x3013303143303B9, 
    0x3423303133303B9, 0x3423303143303B9, 0x3133300039902, 0x3143300039902, 0x300330313330399, 0x300330314330399, 
    0x301330313330399, 0x301330314330399, 0x342330313330399, 0x342330314330399, 0x313330003BF02, 0x314330003BF02, 
    0x3003303133303BF, 0x3003303143303BF, 0x3013303133303BF, 0x3013303143303BF, 0, 0, 0x3133300039F02, 0x3143300039F02, 
    0x30033031333039F, 0x30033031433039F, 0x30133031333039F, 0x30133031433039F, 0, 0, 0x313330003C502, 0x314330003C502, 
    0x3003303133303C5, 0x3003303143303C5, 0x3013303133303C5, 0x3013303143303C5, 0x3423303133303C5, 0x3423303143303C5, 0, 
    0x314330003A502, 0, 0x3003303143303A5, 0, 0x3013303143303A5, 0, 0x3423303143303A5, 0x313330003C902, 0x314330003C902, 
    0x3003303133303C9, 0x3003303143303C9, 0x3013303133303C9, 0x3013303143303C9, 0x3423303133303C9, 0x3423303143303C9, 
    0x313330003A902, 0x314330003A902, 0x3003303133303A9, 0x3003303143303A9, 0x3013303133303A9, 0x3013303143303A9, 
    0x3423303133303A9, 0x3423303143303A9, 0x300330003B102, 0x301330003B102, 0x300330003B502, 0x301330003B502, 
    0x300330003B702, 0x301330003B702, 0x300330003B902, 0x301330003B902, 0x300330003BF02, 0x301330003BF02, 0x300330003C502, 
    0x301330003C502, 0x300330003C902, 0x301330003C902, 0, 0, 0x3453703133303B1, 0x3453703143303B1, 0xB0404, 0xF0404, 
    0x130404, 0x170404, 0x1B0404, 0x1F0404, 0x345370313330391, 0x345370314330391, 0x230404, 0x270404, 0x2B0404, 0x2F0404, 
    0x330404, 0x370404, 0x3453703133303B7, 0x3453703143303B7, 0x3B0404, 0x3F0404, 0x430404, 0x470404, 0x4B0404, 0x4F0404, 
    0x345370313330397, 0x345370314330397, 0x530404, 0x570404, 0x5B0404, 0x5F0404, 0x630404, 0x670404, 0x3453703133303C9, 
    0x3453703143303C9, 0x6B0404, 0x6F0404, 0x730404, 0x770404, 0x7B0404, 0x7F0404, 0x3453703133303A9, 0x3453703143303A9, 
    0x830404, 0x870404, 0x8B0404, 0x8F0404, 0x930404, 0x970404, 0x306330003B102, 0x304330003B102, 0x3453703003303B1, 
    0x345370003B102, 0x3453703013303B1, 0, 0x342330003B102, 0x3453703423303B1, 0x3063300039102, 0x3043300039102, 
    0x3003300039102, 0x3013300039102, 0x3453700039102, 0, 0x3B90003, 0, 0, 0x342330000A802, 0x3453703003303B7, 
    0x345370003B702, 0x3453703013303B7, 0, 0x342330003B702, 0x3453703423303B7, 0x3003300039502, 0x3013300039502, 
    0x3003300039702, 0x3013300039702, 0x3453700039702, 0x30033001FBF02, 0x30133001FBF02, 0x34233001FBF02, 0x306330003B902, 
    0x304330003B902, 0x3003303083303B9, 0x3013303083303B9, 0, 0, 0x342330003B902, 0x3423303083303B9, 0x3063300039902, 
    0x3043300039902, 0x3003300039902, 0x3013300039902, 0, 0x30033001FFE02, 0x30133001FFE02, 0x34233001FFE02, 
    0x306330003C502, 0x304330003C502, 0x3003303083303C5, 0x3013303083303C5, 0x313330003C102, 0x314330003C102, 
    0x342330003C502, 0x3423303083303C5, 0x306330003A502, 0x304330003A502, 0x300330003A502, 0x301330003A502, 
    0x314330003A102, 0x300330000A802, 0x301330000A802, 0x600003, 0, 0, 0x3453703003303C9, 0x345370003C902, 
    0x3453703013303C9, 0, 0x342330003C902, 0x3453703423303C9, 0x3003300039F02, 0x3013300039F02, 0x300330003A902, 
    0x301330003A902, 0x345370003A902, 0xB40003, 0, 0, 0x20020003, 0x20030003, 0, 0, 0, 0, 0, 0, 0, 0, 0, 0, 0, 0, 0, 0, 0, 
    0, 0, 0, 0, 0, 0, 0, 0, 0, 0, 0, 0, 0, 0, 0, 0, 0, 0, 0, 0, 0, 0, 0, 0, 0, 0, 0, 0, 0, 0, 0, 0, 0, 0, 0, 0, 0, 0, 0, 0, 
    0, 0, 0, 0, 0, 0, 0, 0, 0, 0, 0, 0, 0, 0, 0, 0, 0, 0, 0, 0, 0, 0, 0, 0, 0, 0, 0, 0, 0, 0, 0, 0, 0, 0, 0, 0, 0, 0, 0, 0, 
    0, 0, 0, 0, 0, 0, 0, 0, 0, 0, 0, 0, 0, 0, 0, 0, 0, 0, 0, 0, 0, 0, 0, 0, 0, 0, 0, 0, 0, 0, 0, 0, 0, 0, 0, 0, 0, 0, 0, 0, 
    0, 0, 0, 0, 0, 0, 0, 0, 0, 0, 0, 0, 0, 0, 0, 0, 0, 0, 0, 0, 0, 0, 0, 0, 0, 0, 0, 0, 0, 0, 0, 0, 0, 0, 0, 0, 0, 0, 0, 0, 
    0, 0, 0, 0, 0, 0, 0, 0, 0, 0, 0, 0, 0, 0, 0, 0, 0, 0, 0, 0, 0, 0, 0, 0, 0, 0, 0, 0, 0, 0, 0, 0x20D03301, 0x20D13301, 
    0x20D20101, 0x20D30101, 0x20D43301, 0x20D53301, 0x20D63301, 0x20D73301, 0x20D80101, 0x20D90101, 0x20DA0101, 0x20DB3301, 
    0x20DC3301, 0, 0, 0, 0, 0x20E13301, 0, 0, 0, 0x20E50101, 0x20E60101, 0x20E73301, 0x20E82E01, 0x20E93301, 0x20EA0101, 
    0x20EB0101, 0x20EC2E01, 0x20ED2E01, 0x20EE2E01, 0x20EF2E01, 0x20F03301, 0, 0, 0, 0, 0, 0, 0, 0, 0, 0, 0, 0, 0, 0, 0, 0, 
    0, 0, 0, 0, 0, 0, 0, 0, 0, 0, 0, 0, 0, 0, 0, 0, 0, 0, 0, 0, 0, 0, 0, 0, 0, 0, 0, 0, 0, 0, 0, 0, 0, 0, 0, 0, 0, 
    0x3A90003, 0, 0, 0, 0x4B0003, 0x30A3300004102, 0, 0, 0, 0, 0, 0, 0, 0, 0, 0, 0, 0, 0, 0, 0, 0, 0, 0, 0, 0, 0, 0, 0, 0, 
    0, 0, 0, 0, 0, 0, 0, 0, 0, 0, 0, 0, 0, 0, 0, 0, 0, 0, 0, 0, 0, 0, 0, 0, 0, 0, 0, 0, 0, 0, 0, 0, 0, 0, 0, 0, 0, 0, 0, 0, 
    0, 0, 0, 0, 0, 0, 0, 0, 0, 0, 0, 0, 0, 0, 0, 0, 0, 0, 0, 0, 0, 0, 0, 0, 0, 0, 0, 0, 0, 0, 0, 0, 0, 0, 0, 0, 0, 0, 0, 0, 
    0, 0, 0, 0, 0, 0, 0x3380100219002, 0x3380100219202, 0, 0, 0, 0, 0, 0, 0, 0, 0, 0, 0, 0, 0, 0, 0, 0, 0, 0, 
    0x3380100219402, 0, 0, 0, 0, 0, 0, 0, 0, 0, 0, 0, 0, 0, 0, 0, 0, 0, 0, 0, 0, 0, 0, 0, 0, 0, 0, 0, 0, 0, 0, 
    0x338010021D002, 0x338010021D402, 0x338010021D202, 0, 0, 0, 0, 0, 0, 0, 0, 0, 0, 0, 0, 0, 0, 0, 0, 0, 0, 0, 0, 0, 0, 0, 
    0, 0, 0, 0, 0, 0, 0, 0, 0, 0, 0, 0, 0, 0, 0, 0, 0, 0, 0, 0, 0, 0, 0, 0, 0, 0, 0, 0, 0, 0x3380100220302, 0, 0, 0, 0, 
    0x3380100220802, 0, 0, 0x3380100220B02, 0, 0, 0, 0, 0, 0, 0, 0, 0, 0, 0, 0, 0, 0, 0, 0, 0, 0, 0, 0, 0, 0, 0, 
    0x3380100222302, 0, 0x3380100222502, 0, 0, 0, 0, 0, 0, 0, 0, 0, 0, 0, 0, 0, 0, 0, 0, 0, 0, 0, 0, 0, 0, 0, 0, 0, 0, 
    0x3380100223C02, 0, 0, 0x3380100224302, 0, 0, 0x3380100224502, 0, 0x3380100224802, 0, 0, 0, 0, 0, 0, 0, 0, 0, 0, 0, 0, 
    0, 0, 0, 0, 0, 0, 0, 0, 0, 0, 0x3380100003D02, 0, 0x3380100226102, 0, 0, 0, 0, 0, 0, 0, 0, 0, 0, 0x3380100224D02, 
    0x3380100003C02, 0x3380100003E02, 0x3380100226402, 0x3380100226502, 0, 0, 0x3380100227202, 0x3380100227302, 0, 0, 
    0x3380100227602, 0x3380100227702, 0, 0, 0, 0, 0, 0, 0x3380100227A02, 0x3380100227B02, 0, 0, 0x3380100228202, 
    0x3380100228302, 0, 0, 0x3380100228602, 0x3380100228702, 0, 0, 0, 0, 0, 0, 0, 0, 0, 0, 0, 0, 0, 0, 0, 0, 0, 0, 0, 0, 0, 
    0, 0, 0, 0, 0, 0, 0, 0, 0, 0, 0, 0, 0, 0x338010022A202, 0x338010022A802, 0x338010022A902, 0x338010022AB02, 0, 0, 0, 0, 
    0, 0, 0, 0, 0, 0, 0, 0, 0, 0, 0, 0, 0, 0, 0, 0, 0, 0, 0, 0, 0, 0, 0, 0, 0, 0, 0, 0, 0, 0, 0, 0, 0, 0, 0, 0, 0, 0, 0, 0, 
    0, 0, 0, 0, 0x3380100227C02, 0x3380100227D02, 0x3380100229102, 0x3380100229202, 0, 0, 0, 0, 0, 0, 0x338010022B202, 
    0x338010022B302, 0x338010022B402, 0x338010022B502, 0, 0, 0, 0, 0, 0, 0, 0, 0, 0, 0, 0, 0, 0, 0, 0, 0, 0, 0, 0, 0, 0, 0, 
    0, 0, 0, 0, 0, 0, 0, 0, 0, 0, 0, 0, 0, 0, 0, 0, 0, 0, 0, 0, 0, 0, 0, 0, 0, 0, 0, 0, 0, 0, 0, 0, 0, 0, 0, 0, 0x30080003, 
    0x30090003, 0, 0, 0, 0, 0, 0, 0, 0, 0, 0, 0, 0, 0, 0, 0, 0, 0, 0, 0, 0, 0, 0, 0, 0, 0, 0, 0, 0, 0, 0, 0, 0, 0, 0, 0, 0, 
    0, 0, 0, 0, 0, 0, 0, 0, 0, 0, 0, 0, 0, 0, 0, 0, 0, 0, 0, 0, 0, 0, 0, 0, 0, 0, 0, 0, 0, 0, 0, 0, 0, 0, 0, 0, 0, 0, 0, 0, 
    0, 0, 0, 0, 0, 0, 0, 0, 0, 0, 0, 0, 0, 0, 0, 0, 0, 0, 0, 0, 0, 0, 0, 0, 0, 0, 0, 0, 0, 0, 0, 0, 0, 0, 0, 0, 0, 0, 0, 0, 
    0, 0, 0, 0, 0, 0, 0, 0, 0, 0, 0, 0, 0, 0, 0, 0, 0, 0, 0, 0, 0, 0, 0, 0, 0, 0, 0, 0, 0, 0, 0, 0, 0, 0, 0, 0, 0, 0, 0, 0, 
    0, 0, 0, 0, 0, 0, 0, 0, 0, 0, 0, 0, 0, 0, 0, 0, 0, 0, 0, 0, 0, 0x33801002ADD02, 0, 0, 0, 0, 0, 0, 0, 0, 0, 0, 0, 0, 0, 
    0, 0, 0, 0, 0, 0, 0, 0, 0, 0, 0, 0, 0, 0, 0, 0, 0, 0, 0, 0, 0, 0, 0, 0, 0, 0, 0, 0, 0, 0, 0, 0, 0, 0, 0, 0, 0, 0, 0, 0, 
    0, 0, 0, 0, 0, 0, 0, 0, 0, 0, 0, 0, 0, 0, 0, 0, 0, 0, 0, 0, 0, 0, 0, 0, 0, 0, 0, 0, 0, 0, 0, 0, 0, 0, 0, 0, 0, 0, 0, 0, 
    0, 0, 0, 0, 0, 0, 0, 0, 0, 0, 0, 0, 0, 0, 0, 0, 0, 0, 0, 0, 0, 0, 0, 0, 0, 0, 0, 0, 0, 0, 0, 0, 0, 0, 0, 0, 0, 0, 0, 0, 
    0, 0, 0, 0, 0, 0, 0, 0, 0, 0, 0, 0, 0, 0x2CEF3301, 0x2CF03301, 0x2CF13301, 0, 0, 0, 0, 0, 0, 0, 0, 0, 0, 0, 0, 0, 0, 0, 
    0, 0, 0, 0, 0, 0, 0, 0, 0, 0, 0, 0, 0, 0, 0, 0, 0, 0, 0, 0, 0, 0, 0, 0, 0, 0, 0, 0, 0, 0, 0, 0, 0, 0, 0, 0, 0, 0, 0, 0, 
    0, 0, 0, 0, 0, 0, 0, 0, 0, 0, 0, 0, 0, 0, 0, 0, 0, 0, 0, 0, 0, 0, 0, 0, 0, 0, 0, 0, 0, 0, 0, 0, 0, 0, 0, 0, 0, 0, 0, 0, 
    0, 0, 0, 0, 0, 0, 0, 0, 0, 0, 0, 0, 0, 0, 0, 0, 0, 0, 0, 0, 0, 0, 0, 0, 0, 0, 0, 0, 0, 0, 0, 0, 0, 0, 0, 0, 0, 0, 0, 0, 
    0, 0, 0, 0, 0, 0, 0x2D7F0501, 0, 0, 0, 0, 0, 0, 0, 0, 0, 0, 0, 0, 0, 0, 0, 0, 0, 0, 0, 0, 0, 0, 0, 0, 0, 0, 0, 0, 0, 0, 
    0, 0, 0, 0, 0, 0, 0, 0, 0, 0, 0, 0, 0, 0, 0, 0, 0, 0, 0, 0, 0, 0, 0, 0, 0, 0, 0, 0, 0, 0, 0, 0, 0, 0, 0, 0, 0, 0, 0, 0, 
    0, 0, 0, 0, 0, 0, 0, 0, 0, 0, 0, 0, 0, 0, 0, 0, 0, 0, 0, 0, 0, 0, 0, 0, 0, 0, 0x2DE03301, 0x2DE13301, 0x2DE23301, 
    0x2DE33301, 0x2DE43301, 0x2DE53301, 0x2DE63301, 0x2DE73301, 0x2DE83301, 0x2DE93301, 0x2DEA3301, 0x2DEB3301, 0x2DEC3301, 
    0x2DED3301, 0x2DEE3301, 0x2DEF3301, 0x2DF03301, 0x2DF13301, 0x2DF23301, 0x2DF33301, 0x2DF43301, 0x2DF53301, 0x2DF63301, 
    0x2DF73301, 0x2DF83301, 0x2DF93301, 0x2DFA3301, 0x2DFB3301, 0x2DFC3301, 0x2DFD3301, 0x2DFE3301, 0x2DFF3301, 0, 0, 0, 0, 
    0, 0, 0, 0, 0, 0, 0, 0, 0, 0, 0, 0, 0, 0, 0, 0, 0, 0, 0, 0, 0, 0, 0, 0, 0, 0, 0, 0, 0, 0, 0, 0, 0, 0, 0, 0, 0, 0, 
    0x302A2D01, 0x302B3201, 0x302C3401, 0x302D2F01, 0x302E3001, 0x302F3001, 0, 0, 0, 0, 0, 0, 0, 0, 0, 0, 0, 0, 0, 0, 0, 0, 
    0, 0, 0, 0, 0, 0, 0, 0, 0, 0, 0, 0, 0x30990400304B02, 0, 0x30990400304D02, 0, 0x30990400304F02, 0, 0x30990400305102, 0, 
    0x30990400305302, 0, 0x30990400305502, 0, 0x30990400305702, 0, 0x30990400305902, 0, 0x30990400305B02, 0, 
    0x30990400305D02, 0, 0x30990400305F02, 0, 0x30990400306102, 0, 0, 0x30990400306402, 0, 0x30990400306602, 0, 
    0x30990400306802, 0, 0, 0, 0, 0, 0, 0x30990400306F02, 0x309A0400306F02, 0, 0x30990400307202, 0x309A0400307202, 0, 
    0x30990400307502, 0x309A0400307502, 0, 0x30990400307802, 0x309A0400307802, 0, 0x30990400307B02, 0x309A0400307B02, 0, 0, 
    0, 0, 0, 0, 0, 0, 0, 0, 0, 0, 0, 0, 0, 0, 0, 0, 0, 0, 0, 0, 0x30990400304602, 0, 0, 0, 0, 0x30990401, 0x309A0401, 0, 0, 
    0, 0x30990400309D02, 0, 0, 0, 0, 0, 0, 0, 0, 0, 0, 0, 0, 0, 0x3099040030AB02, 0, 0x3099040030AD02, 0, 0x3099040030AF02, 
    0, 0x3099040030B102, 0, 0x3099040030B302, 0, 0x3099040030B502, 0, 0x3099040030B702, 0, 0x3099040030B902, 0, 
    0x3099040030BB02, 0, 0x3099040030BD02, 0, 0x3099040030BF02, 0, 0x3099040030C102, 0, 0, 0x3099040030C402, 0, 
    0x3099040030C602, 0, 0x3099040030C802, 0, 0, 0, 0, 0, 0, 0x3099040030CF02, 0x309A040030CF02, 0, 0x3099040030D202, 
    0x309A040030D202, 0, 0x3099040030D502, 0x309A040030D502, 0, 0x3099040030D802, 0x309A040030D802, 0, 0x3099040030DB02, 
    0x309A040030DB02, 0, 0, 0, 0, 0, 0, 0, 0, 0, 0, 0, 0, 0, 0, 0, 0, 0, 0, 0, 0, 0, 0, 0x3099040030A602, 0, 0, 
    0x3099040030EF02, 0x3099040030F002, 0x3099040030F102, 0x3099040030F202, 0, 0, 0, 0x3099040030FD02, 0, 0, 0, 0, 0, 0, 0, 
    0, 0, 0, 0, 0, 0, 0, 0, 0, 0, 0, 0, 0, 0, 0, 0, 0, 0, 0, 0, 0, 0, 0, 0, 0, 0, 0, 0, 0, 0, 0, 0, 0, 0, 0, 0, 0, 0, 0, 0, 
    0, 0, 0, 0, 0, 0, 0, 0, 0, 0, 0, 0, 0, 0, 0, 0, 0, 0, 0, 0, 0, 0, 0, 0, 0, 0, 0, 0, 0, 0, 0, 0, 0, 0, 0, 0, 0, 0, 0, 0, 
    0, 0, 0, 0, 0, 0, 0, 0, 0, 0, 0, 0, 0, 0, 0, 0, 0, 0, 0, 0, 0, 0, 0, 0, 0, 0xA66F3301, 0, 0, 0, 0, 0xA6743301, 
    0xA6753301, 0xA6763301, 0xA6773301, 0xA6783301, 0xA6793301, 0xA67A3301, 0xA67B3301, 0xA67C3301, 0xA67D3301, 0, 0, 0, 0, 
    0, 0, 0, 0, 0, 0, 0, 0, 0, 0, 0, 0, 0, 0, 0, 0, 0, 0, 0, 0, 0, 0, 0, 0, 0, 0, 0, 0, 0xA69E3301, 0xA69F3301, 0, 0, 0, 0, 
    0, 0, 0, 0, 0, 0, 0, 0, 0, 0, 0, 0, 0, 0, 0, 0, 0, 0, 0, 0, 0, 0, 0, 0, 0, 0, 0, 0, 0, 0, 0, 0, 0, 0, 0, 0, 0, 0, 0, 0, 
    0, 0, 0, 0, 0, 0, 0, 0, 0, 0, 0, 0, 0, 0, 0, 0, 0, 0, 0, 0, 0, 0, 0, 0, 0, 0, 0, 0, 0, 0, 0, 0, 0, 0, 0, 0, 0xA6F03301, 
    0xA6F13301, 0, 0, 0, 0, 0, 0, 0, 0, 0, 0, 0, 0, 0, 0, 0, 0, 0, 0, 0, 0, 0xA8060501, 0, 0, 0, 0, 0, 0, 0, 0, 0, 0, 0, 0, 
    0, 0, 0, 0, 0, 0, 0, 0, 0, 0, 0, 0, 0, 0, 0, 0, 0, 0, 0, 0, 0, 0, 0, 0, 0, 0xA82C0501, 0, 0, 0, 0, 0, 0, 0, 0, 0, 0, 0, 
    0, 0, 0, 0, 0, 0, 0, 0, 0, 0, 0, 0, 0, 0, 0, 0, 0, 0, 0, 0, 0, 0, 0, 0, 0, 0, 0, 0, 0, 0, 0, 0, 0, 0, 0, 0, 0, 0, 0, 0, 
    0, 0, 0, 0, 0, 0, 0, 0, 0, 0, 0, 0, 0, 0, 0, 0, 0, 0, 0, 0, 0, 0, 0, 0, 0, 0, 0, 0, 0, 0, 0, 0, 0, 0, 0, 0, 0, 0, 0, 0, 
    0, 0, 0, 0, 0, 0, 0, 0, 0, 0, 0, 0, 0, 0, 0, 0, 0, 0, 0, 0, 0, 0, 0, 0, 0, 0, 0, 0, 0, 0, 0, 0, 0, 0, 0, 0, 0, 0, 0, 0, 
    0, 0, 0, 0, 0, 0, 0, 0, 0, 0, 0, 0, 0, 0, 0, 0, 0, 0, 0, 0, 0xA8C40501, 0, 0, 0, 0, 0, 0, 0, 0, 0, 0, 0, 0, 0, 0, 0, 0, 
    0, 0, 0, 0, 0, 0, 0, 0, 0, 0, 0, 0xA8E03301, 0xA8E13301, 0xA8E23301, 0xA8E33301, 0xA8E43301, 0xA8E53301, 0xA8E63301, 
    0xA8E73301, 0xA8E83301, 0xA8E93301, 0xA8EA3301, 0xA8EB3301, 0xA8EC3301, 0xA8ED3301, 0xA8EE3301, 0xA8EF3301, 0xA8F03301, 
    0xA8F13301, 0, 0, 0, 0, 0, 0, 0, 0, 0, 0, 0, 0, 0, 0, 0, 0, 0, 0, 0, 0, 0, 0, 0, 0, 0, 0, 0, 0, 0, 0, 0, 0, 0, 0, 0, 0, 
    0, 0, 0, 0, 0, 0, 0, 0, 0, 0, 0, 0, 0, 0, 0, 0, 0, 0, 0, 0, 0, 0xA92B2E01, 0xA92C2E01, 0xA92D2E01, 0, 0, 0, 0, 0, 0, 0, 
    0, 0, 0, 0, 0, 0, 0, 0, 0, 0, 0, 0, 0, 0, 0, 0, 0, 0, 0, 0, 0, 0, 0, 0, 0, 0, 0, 0, 0, 0, 0xA9530501, 0, 0, 0, 0, 0, 0, 
    0, 0, 0, 0, 0, 0, 0, 0, 0, 0, 0, 0, 0, 0, 0, 0, 0, 0, 0, 0, 0, 0, 0, 0, 0, 0, 0, 0, 0, 0, 0, 0, 0, 0, 0, 0, 0, 0, 0, 0, 
    0, 0, 0, 0, 0, 0, 0, 0, 0, 0, 0, 0, 0, 0, 0, 0, 0, 0, 0, 0, 0, 0, 0, 0, 0, 0, 0, 0, 0, 0, 0, 0, 0, 0, 0, 0, 0, 0, 0, 0, 
    0, 0, 0, 0, 0, 0, 0, 0, 0, 0xA9B30301, 0, 0, 0, 0, 0, 0, 0, 0, 0, 0, 0, 0, 0xA9C00501, 0, 0, 0, 0, 0, 0, 0, 0, 0, 0, 0, 
    0, 0, 0, 0, 0, 0, 0, 0, 0, 0, 0, 0, 0, 0, 0, 0, 0, 0, 0, 0, 0, 0, 0, 0, 0, 0, 0, 0, 0, 0, 0, 0, 0, 0, 0, 0, 0, 0, 0, 0, 
    0, 0, 0, 0, 0, 0, 0, 0, 0, 0, 0, 0, 0, 0, 0, 0, 0, 0, 0, 0, 0, 0, 0, 0, 0, 0, 0, 0, 0, 0, 0, 0, 0, 0, 0, 0, 0, 0, 0, 0, 
    0, 0, 0, 0, 0, 0, 0, 0, 0, 0, 0, 0, 0, 0, 0, 0, 0, 0, 0, 0, 0xAAB03301, 0, 0xAAB23301, 0xAAB33301, 0xAAB42E01, 0, 0, 
    0xAAB73301, 0xAAB83301, 0, 0, 0, 0, 0, 0xAABE3301, 0xAABF3301, 0, 0xAAC13301, 0, 0, 0, 0, 0, 0, 0, 0, 0, 0, 0, 0, 0, 0, 
    0, 0, 0, 0, 0, 0, 0, 0, 0, 0, 0, 0, 0, 0, 0, 0, 0, 0, 0, 0, 0, 0, 0, 0, 0, 0, 0, 0, 0, 0, 0, 0, 0, 0, 0, 0, 0, 0, 
    0xAAF60501, 0, 0, 0, 0, 0, 0, 0, 0, 0, 0, 0, 0, 0, 0, 0, 0, 0, 0, 0, 0, 0, 0, 0, 0, 0, 0, 0, 0, 0, 0, 0, 0, 0, 0, 0, 0, 
    0, 0, 0, 0, 0, 0, 0, 0, 0, 0, 0, 0, 0, 0, 0, 0, 0, 0, 0, 0, 0, 0, 0, 0, 0, 0, 0, 0, 0, 0, 0, 0, 0, 0, 0, 0, 0, 0, 0, 0, 
    0, 0, 0, 0, 0, 0, 0, 0, 0, 0, 0, 0, 0, 0, 0, 0, 0, 0, 0, 0, 0, 0, 0, 0, 0, 0, 0, 0, 0, 0, 0, 0, 0, 0, 0, 0, 0, 0, 0, 0, 
    0, 0, 0xABED0501, 0, 0, 0, 0, 0, 0, 0, 0, 0, 0, 0, 0, 0, 0, 0, 0, 0, 0, 0x8C480003, 0x66F40003, 0x8ECA0003, 0x8CC80003, 
    0x6ED10003, 0x4E320003, 0x53E50003, 0x9F9C0003, 0x9F9C0003, 0x59510003, 0x91D10003, 0x55870003, 0x59480003, 0x61F60003, 
    0x76690003, 0x7F850003, 0x863F0003, 0x87BA0003, 0x88F80003, 0x908F0003, 0x6A020003, 0x6D1B0003, 0x70D90003, 0x73DE0003, 
    0x843D0003, 0x916A0003, 0x99F10003, 0x4E820003, 0x53750003, 0x6B040003, 0x721B0003, 0x862D0003, 0x9E1E0003, 0x5D500003, 
    0x6FEB0003, 0x85CD0003, 0x89640003, 0x62C90003, 0x81D80003, 0x881F0003, 0x5ECA0003, 0x67170003, 0x6D6A0003, 0x72FC0003, 
    0x90CE0003, 0x4F860003, 0x51B70003, 0x52DE0003, 0x64C40003, 0x6AD30003, 0x72100003, 0x76E70003, 0x80010003, 0x86060003, 
    0x865C0003, 0x8DEF0003, 0x97320003, 0x9B6F0003, 0x9DFA0003, 0x788C0003, 0x797F0003, 0x7DA00003, 0x83C90003, 0x93040003, 
    0x9E7F0003, 0x8AD60003, 0x58DF0003, 0x5F040003, 0x7C600003, 0x807E0003, 0x72620003, 0x78CA0003, 0x8CC20003, 0x96F70003, 
    0x58D80003, 0x5C620003, 0x6A130003, 0x6DDA0003, 0x6F0F0003, 0x7D2F0003, 0x7E370003, 0x964B0003, 0x52D20003, 0x808B0003, 
    0x51DC0003, 0x51CC0003, 0x7A1C0003, 0x7DBE0003, 0x83F10003, 0x96750003, 0x8B800003, 0x62CF0003, 0x6A020003, 0x8AFE0003, 
    0x4E390003, 0x5BE70003, 0x60120003, 0x73870003, 0x75700003, 0x53170003, 0x78FB0003, 0x4FBF0003, 0x5FA90003, 0x4E0D0003, 
    0x6CCC0003, 0x65780003, 0x7D220003, 0x53C30003, 0x585E0003, 0x77010003, 0x84490003, 0x8AAA0003, 0x6BBA0003, 0x8FB00003, 
    0x6C880003, 0x62FE0003, 0x82E50003, 0x63A00003, 0x75650003, 0x4EAE0003, 0x51690003, 0x51C90003, 0x68810003, 0x7CE70003, 
    0x826F0003, 0x8AD20003, 0x91CF0003, 0x52F50003, 0x54420003, 0x59730003, 0x5EEC0003, 0x65C50003, 0x6FFE0003, 0x792A0003, 
    0x95AD0003, 0x9A6A0003, 0x9E970003, 0x9ECE0003, 0x529B0003, 0x66C60003, 0x6B770003, 0x8F620003, 0x5E740003, 0x61900003, 
    0x62000003, 0x649A0003, 0x6F230003, 0x71490003, 0x74890003, 0x79CA0003, 0x7DF40003, 0x806F0003, 0x8F260003, 0x84EE0003, 
    0x90230003, 0x934A0003, 0x52170003, 0x52A30003, 0x54BD0003, 0x70C80003, 0x88C20003, 0x8AAA0003, 0x5EC90003, 0x5FF50003, 
    0x637B0003, 0x6BAE0003, 0x7C3E0003, 0x73750003, 0x4EE40003, 0x56F90003, 0x5BE70003, 0x5DBA0003, 0x601C0003, 0x73B20003, 
    0x74690003, 0x7F9A0003, 0x80460003, 0x92340003, 0x96F60003, 0x97480003, 0x98180003, 0x4F8B0003, 0x79AE0003, 0x91B40003, 
    0x96B80003, 0x60E10003, 0x4E860003, 0x50DA0003, 0x5BEE0003, 0x5C3F0003, 0x65990003, 0x6A020003, 0x71CE0003, 0x76420003, 
    0x84FC0003, 0x907C0003, 0x9F8D0003, 0x66880003, 0x962E0003, 0x52890003, 0x677B0003, 0x67F30003, 0x6D410003, 0x6E9C0003, 
    0x74090003, 0x75590003, 0x786B0003, 0x7D100003, 0x985E0003, 0x516D0003, 0x622E0003, 0x96780003, 0x502B0003, 0x5D190003, 
    0x6DEA0003, 0x8F2A0003, 0x5F8B0003, 0x61440003, 0x68170003, 0x73870003, 0x96860003, 0x52290003, 0x540F0003, 0x5C650003, 
    0x66130003, 0x674E0003, 0x68A80003, 0x6CE50003, 0x74060003, 0x75E20003, 0x7F790003, 0x88CF0003, 0x88E10003, 0x91CC0003, 
    0x96E20003, 0x533F0003, 0x6EBA0003, 0x541D0003, 0x71D00003, 0x74980003, 0x85FA0003, 0x96A30003, 0x9C570003, 0x9E9F0003, 
    0x67970003, 0x6DCB0003, 0x81E80003, 0x7ACB0003, 0x7B200003, 0x7C920003, 0x72C00003, 0x70990003, 0x8B580003, 0x4EC00003, 
    0x83360003, 0x523A0003, 0x52070003, 0x5EA60003, 0x62D30003, 0x7CD60003, 0x5B850003, 0x6D1E0003, 0x66B40003, 0x8F3B0003, 
    0x884C0003, 0x964D0003, 0x898B0003, 0x5ED30003, 0x51400003, 0x55C00003, 0, 0, 0x585A0003, 0, 0x66740003, 0, 0, 
    0x51DE0003, 0x732A0003, 0x76CA0003, 0x793C0003, 0x795E0003, 0x79650003, 0x798F0003, 0x97560003, 0x7CBE0003, 0x7FBD0003, 
    0, 0x86120003, 0, 0x8AF80003, 0, 0, 0x90380003, 0x90FD0003, 0, 0, 0, 0x98EF0003, 0x98FC0003, 0x99280003, 0x9DB40003, 
    0x90DE0003, 0x96B70003, 0x4FAE0003, 0x50E70003, 0x514D0003, 0x52C90003, 0x52E40003, 0x53510003, 0x559D0003, 0x56060003, 
    0x56680003, 0x58400003, 0x58A80003, 0x5C640003, 0x5C6E0003, 0x60940003, 0x61680003, 0x618E0003, 0x61F20003, 0x654F0003, 
    0x65E20003, 0x66910003, 0x68850003, 0x6D770003, 0x6E1A0003, 0x6F220003, 0x716E0003, 0x722B0003, 0x74220003, 0x78910003, 
    0x793E0003, 0x79490003, 0x79480003, 0x79500003, 0x79560003, 0x795D0003, 0x798D0003, 0x798E0003, 0x7A400003, 0x7A810003, 
    0x7BC00003, 0x7DF40003, 0x7E090003, 0x7E410003, 0x7F720003, 0x80050003, 0x81ED0003, 0x82790003, 0x82790003, 0x84570003, 
    0x89100003, 0x89960003, 0x8B010003, 0x8B390003, 0x8CD30003, 0x8D080003, 0x8FB60003, 0x90380003, 0x96E30003, 0x97FF0003, 
    0x983B0003, 0x60750003, 0x242EE0003, 0x82180003, 0, 0, 0x4E260003, 0x51B50003, 0x51680003, 0x4F800003, 0x51450003, 
    0x51800003, 0x52C70003, 0x52FA0003, 0x559D0003, 0x55550003, 0x55990003, 0x55E20003, 0x585A0003, 0x58B30003, 0x59440003, 
    0x59540003, 0x5A620003, 0x5B280003, 0x5ED20003, 0x5ED90003, 0x5F690003, 0x5FAD0003, 0x60D80003, 0x614E0003, 0x61080003, 
    0x618E0003, 0x61600003, 0x61F20003, 0x62340003, 0x63C40003, 0x641C0003, 0x64520003, 0x65560003, 0x66740003, 0x67170003, 
    0x671B0003, 0x67560003, 0x6B790003, 0x6BBA0003, 0x6D410003, 0x6EDB0003, 0x6ECB0003, 0x6F220003, 0x701E0003, 0x716E0003, 
    0x77A70003, 0x72350003, 0x72AF0003, 0x732A0003, 0x74710003, 0x75060003, 0x753B0003, 0x761D0003, 0x761F0003, 0x76CA0003, 
    0x76DB0003, 0x76F40003, 0x774A0003, 0x77400003, 0x78CC0003, 0x7AB10003, 0x7BC00003, 0x7C7B0003, 0x7D5B0003, 0x7DF40003, 
    0x7F3E0003, 0x80050003, 0x83520003, 0x83EF0003, 0x87790003, 0x89410003, 0x89860003, 0x89960003, 0x8ABF0003, 0x8AF80003, 
    0x8ACB0003, 0x8B010003, 0x8AFE0003, 0x8AED0003, 0x8B390003, 0x8B8A0003, 0x8D080003, 0x8F380003, 0x90720003, 0x91990003, 
    0x92760003, 0x967C0003, 0x96E30003, 0x97560003, 0x97DB0003, 0x97FF0003, 0x980B0003, 0x983B0003, 0x9B120003, 0x9F9C0003, 
    0x2284A0003, 0x228440003, 0x233D50003, 0x3B9D0003, 0x40180003, 0x40390003, 0x252490003, 0x25CD00003, 0x27ED30003, 
    0x9F430003, 0x9F8E0003, 0, 0, 0, 0, 0, 0, 0, 0, 0, 0, 0, 0, 0, 0, 0, 0, 0, 0, 0, 0, 0, 0, 0, 0, 0, 0, 0, 0, 0, 0, 0, 0, 
    0, 0, 0, 0, 0, 0, 0, 0, 0, 0, 0, 0, 0, 0, 0, 0, 0, 0, 0, 0, 0, 0, 0, 0, 0, 0, 0, 0, 0, 0, 0, 0, 0, 0, 0, 
    0x5B40A0005D902, 0xFB1E1601, 0x5B70D0005F202, 0, 0, 0, 0, 0, 0, 0, 0, 0, 0, 0x5C1140005E902, 0x5C2150005E902, 
    0x5C11405BC1105E9, 0x5C21505BC1105E9, 0x5B70D0005D002, 0x5B80E0005D002, 0x5BC110005D002, 0x5BC110005D102, 
    0x5BC110005D202, 0x5BC110005D302, 0x5BC110005D402, 0x5BC110005D502, 0x5BC110005D602, 0, 0x5BC110005D802, 
    0x5BC110005D902, 0x5BC110005DA02, 0x5BC110005DB02, 0x5BC110005DC02, 0, 0x5BC110005DE02, 0, 0x5BC110005E002, 
    0x5BC110005E102, 0, 0x5BC110005E302, 0x5BC110005E402, 0, 0x5BC110005E602, 0x5BC110005E702, 0x5BC110005E802, 
    0x5BC110005E902, 0x5BC110005EA02, 0x5B90F0005D502, 0x5BF130005D102, 0x5BF130005DB02, 0x5BF130005E402, 0, 0, 0, 0, 0, 0, 
    0, 0, 0, 0, 0, 0, 0, 0, 0, 0, 0, 0, 0, 0, 0, 0, 0, 0, 0, 0, 0, 0, 0, 0, 0, 0, 0, 0, 0, 0, 0, 0, 0, 0, 0, 0, 0, 0, 0, 0, 
    0, 0, 0, 0, 0, 0, 0, 0, 0, 0, 0, 0, 0, 0, 0, 0, 0, 0, 0, 0, 0, 0, 0, 0, 0, 0, 0, 0, 0, 0, 0, 0, 0, 0, 0, 0xFE203301, 
    0xFE213301, 0xFE223301, 0xFE233301, 0xFE243301, 0xFE253301, 0xFE263301, 0xFE272E01, 0xFE282E01, 0xFE292E01, 0xFE2A2E01, 
    0xFE2B2E01, 0xFE2C2E01, 0xFE2D2E01, 0xFE2E3301, 0xFE2F3301, 0, 0, 0, 0, 0, 0, 0, 0, 0, 0, 0, 0, 0, 0, 0, 0, 0, 0, 0, 0, 
    0, 0, 0, 0, 0, 0, 0, 0, 0, 0, 0, 0, 0, 0, 0, 0, 0, 0, 0, 0, 0, 0, 0, 0, 0, 0, 0, 0, 0, 0, 0, 0, 0, 0, 0, 0, 0, 0, 0, 0, 
    0, 0, 0, 0, 0, 0, 0, 0, 0, 0, 0, 0, 0, 0, 0, 0, 0, 0, 0, 0, 0, 0, 0, 0, 0, 0, 0, 0, 0, 0, 0, 0, 0, 0, 0, 0, 0, 0, 0, 0, 
    0, 0, 0, 0, 0, 0, 0, 0, 0, 0, 0, 0, 0, 0, 0, 0, 0, 0, 0, 0, 0, 0, 0, 0, 0, 0, 0, 0, 0, 0, 0, 0, 0, 0, 0, 0, 0, 0, 0, 0, 
    0, 0, 0, 0, 0, 0, 0, 0, 0, 0, 0, 0, 0, 0, 0, 0, 0, 0, 0, 0, 0, 0, 0, 0, 0, 0, 0, 0, 0, 0, 0, 0, 0, 0, 0, 0, 0, 0, 0, 0, 
    0, 0, 0, 0, 0, 0, 0, 0, 0, 0, 0, 0, 0, 0, 0, 0, 0, 0, 0, 0, 0, 0, 0, 0, 0, 0x101FD2E01, 0, 0, 0, 0, 0, 0, 0, 0, 0, 0, 
    0, 0, 0, 0, 0, 0, 0, 0, 0, 0, 0, 0, 0, 0, 0, 0, 0, 0, 0, 0, 0, 0, 0, 0, 0, 0, 0, 0, 0, 0, 0, 0, 0, 0, 0, 0, 0, 0, 0, 0, 
    0, 0, 0, 0, 0, 0, 0, 0, 0, 0, 0, 0, 0, 0, 0, 0, 0, 0, 0, 0, 0, 0, 0, 0, 0, 0, 0, 0, 0, 0, 0, 0, 0, 0, 0, 0, 0, 0, 0, 0, 
    0, 0, 0, 0, 0, 0, 0, 0, 0x102E02E01, 0, 0, 0, 0, 0, 0, 0, 0, 0, 0, 0, 0, 0, 0, 0, 0, 0, 0, 0, 0, 0, 0, 0, 0, 0, 0, 0, 
    0, 0, 0, 0, 0, 0, 0, 0, 0, 0, 0, 0, 0, 0, 0, 0, 0, 0, 0, 0, 0, 0, 0, 0, 0, 0, 0, 0, 0, 0, 0, 0, 0, 0, 0, 0, 0, 0, 0, 0, 
    0, 0, 0, 0, 0, 0, 0, 0, 0, 0, 0, 0, 0, 0, 0, 0, 0, 0, 0, 0, 0, 0, 0, 0, 0, 0, 0, 0, 0, 0, 0, 0, 0, 0, 0, 0, 0, 0, 0, 0, 
    0, 0, 0, 0, 0, 0, 0, 0, 0, 0, 0, 0, 0, 0, 0, 0, 0, 0, 0, 0, 0, 0, 0, 0, 0, 0, 0, 0, 0, 0, 0, 0, 0, 0, 0, 0, 0, 0, 0, 0, 
    0, 0, 0x103763301, 0x103773301, 0x103783301, 0x103793301, 0x1037A3301, 0, 0, 0, 0, 0, 0, 0, 0, 0, 0, 0, 0, 0, 0, 0, 0, 
    0, 0, 0x10A0D2E01, 0, 0x10A0F3301, 0, 0, 0, 0, 0, 0, 0, 0, 0, 0, 0, 0, 0, 0, 0, 0, 0, 0, 0, 0, 0, 0, 0, 0, 0, 0, 0, 0, 
    0, 0, 0, 0, 0, 0, 0, 0, 0, 0, 0, 0, 0x10A383301, 0x10A390101, 0x10A3A2E01, 0, 0, 0, 0, 0x10A3F0501, 0, 0, 0, 0, 0, 0, 
    0, 0, 0, 0, 0, 0, 0, 0, 0, 0, 0, 0, 0, 0, 0, 0, 0, 0, 0, 0, 0, 0, 0, 0, 0, 0, 0, 0, 0, 0, 0, 0, 0, 0, 0, 0, 0, 0, 0, 0, 
    0, 0, 0, 0, 0, 0, 0, 0, 0, 0, 0, 0, 0, 0, 0, 0, 0, 0, 0, 0, 0, 0, 0, 0, 0, 0, 0, 0, 0, 0, 0, 0, 0, 0, 0, 0, 0, 0, 0, 0, 
    0, 0, 0, 0, 0, 0, 0, 0, 0, 0, 0, 0, 0, 0, 0, 0, 0, 0, 0, 0, 0, 0, 0, 0, 0, 0, 0, 0, 0, 0, 0, 0, 0, 0, 0, 0, 0, 0, 0, 0, 
    0, 0, 0, 0, 0, 0, 0, 0, 0, 0, 0, 0, 0, 0, 0, 0, 0, 0, 0, 0, 0, 0, 0, 0, 0, 0, 0, 0, 0, 0, 0, 0, 0, 0, 0, 0, 0, 0, 0, 
    0x10AE53301, 0x10AE62E01, 0, 0, 0, 0, 0, 0, 0, 0, 0, 0, 0, 0, 0, 0, 0, 0, 0, 0, 0, 0, 0, 0, 0, 0, 0, 0, 0, 0, 0, 0, 0, 
    0, 0, 0, 0, 0, 0, 0, 0, 0, 0, 0, 0, 0, 0, 0, 0, 0, 0, 0, 0, 0, 0, 0, 0, 0, 0, 0, 0, 0, 0, 0x10D243301, 0x10D253301, 
    0x10D263301, 0x10D273301, 0, 0, 0, 0, 0, 0, 0, 0, 0, 0, 0, 0, 0, 0, 0, 0, 0, 0, 0, 0, 0, 0, 0, 0, 0, 0, 0, 0, 0, 0, 0, 
    0, 0, 0, 0, 0, 0, 0, 0, 0, 0, 0, 0, 0, 0, 0, 0, 0, 0, 0, 0, 0, 0, 0, 0, 0, 0, 0, 0, 0, 0, 0, 0, 0, 0, 0, 0, 0, 0, 0, 0, 
    0, 0, 0, 0, 0, 0, 0, 0, 0, 0, 0, 0, 0, 0, 0, 0, 0, 0, 0, 0, 0, 0, 0, 0, 0, 0, 0, 0, 0, 0, 0, 0, 0, 0, 0, 0, 0, 0, 0, 0, 
    0, 0, 0, 0, 0, 0, 0, 0, 0, 0, 0, 0, 0, 0, 0, 0, 0, 0, 0, 0, 0x10EAB3301, 0x10EAC3301, 0, 0, 0, 0, 0, 0, 0, 0, 0, 0, 0, 
    0, 0, 0, 0, 0, 0, 0, 0, 0, 0, 0, 0, 0, 0, 0, 0, 0, 0, 0, 0, 0, 0, 0, 0, 0, 0, 0, 0, 0, 0, 0, 0, 0, 0, 0, 0, 0, 0, 0, 0, 
    0, 0, 0, 0, 0, 0, 0, 0, 0, 0, 0, 0, 0, 0, 0, 0, 0, 0, 0, 0, 0, 0, 0, 0, 0, 0, 0, 0, 0, 0x10EFD2E01, 0x10EFE2E01, 
    0x10EFF2E01, 0, 0, 0, 0, 0, 0, 0, 0, 0, 0, 0, 0, 0, 0, 0, 0, 0, 0, 0, 0, 0, 0, 0, 0, 0, 0, 0, 0, 0, 0, 0, 0, 0, 0, 0, 
    0, 0, 0, 0, 0, 0, 0, 0, 0, 0, 0, 0, 0, 0, 0, 0, 0, 0, 0, 0, 0, 0, 0, 0, 0, 0, 0, 0, 0, 0, 0, 0, 0, 0, 0, 0x10F462E01, 
    0x10F472E01, 0x10F483301, 0x10F493301, 0x10F4A3301, 0x10F4B2E01, 0x10F4C3301, 0x10F4D2E01, 0x10F4E2E01, 0x10F4F2E01, 
    0x10F502E01, 0, 0, 0, 0, 0, 0, 0, 0, 0, 0, 0, 0, 0, 0, 0, 0, 0, 0, 0, 0, 0, 0, 0, 0, 0, 0, 0, 0, 0, 0, 0, 0, 0, 0, 0, 
    0, 0, 0, 0, 0, 0, 0, 0, 0, 0, 0, 0, 0, 0, 0x10F823301, 0x10F832E01, 0x10F843301, 0x10F852E01, 0, 0, 0, 0, 0, 0, 0, 0, 
    0, 0, 0, 0, 0, 0, 0, 0, 0, 0, 0, 0, 0, 0, 0, 0, 0, 0, 0, 0, 0, 0, 0, 0, 0, 0, 0, 0, 0, 0, 0, 0, 0, 0, 0, 0, 0, 0, 0, 0, 
    0, 0, 0, 0, 0, 0, 0, 0, 0, 0, 0, 0, 0, 0, 0, 0, 0, 0, 0, 0, 0, 0, 0, 0, 0, 0, 0, 0, 0, 0, 0, 0, 0, 0, 0, 0, 0, 0, 0, 0, 
    0, 0, 0, 0, 0, 0, 0, 0, 0, 0, 0, 0, 0, 0, 0, 0, 0, 0, 0, 0, 0, 0, 0, 0, 0, 0, 0, 0, 0, 0, 0, 0, 0, 0, 0, 0, 0, 0, 0, 0, 
    0, 0, 0, 0, 0, 0, 0, 0, 0, 0, 0, 0, 0, 0, 0, 0, 0, 0, 0, 0, 0, 0, 0, 0, 0, 0, 0, 0, 0, 0, 0, 0, 0, 0, 0, 0, 0, 0, 0, 0, 
    0, 0, 0, 0, 0, 0, 0, 0, 0, 0, 0, 0, 0, 0, 0, 0, 0, 0, 0, 0, 0, 0, 0, 0, 0x110460501, 0, 0, 0, 0, 0, 0, 0, 0, 0, 0, 0, 
    0, 0, 0, 0, 0, 0, 0, 0, 0, 0, 0, 0, 0, 0, 0, 0, 0, 0, 0, 0, 0, 0, 0, 0, 0, 0, 0, 0, 0, 0, 0x110700501, 0, 0, 0, 0, 0, 
    0, 0, 0, 0, 0, 0, 0, 0, 0, 0x1107F0501, 0, 0, 0, 0, 0, 0, 0, 0, 0, 0, 0, 0, 0, 0, 0, 0, 0, 0, 0, 0, 0, 0, 0, 0, 0, 0, 
    0x110BA0301109902, 0, 0x110BA0301109B02, 0, 0, 0, 0, 0, 0, 0, 0, 0, 0, 0, 0, 0, 0, 0x110BA030110A502, 0, 0, 0, 0, 0, 0, 
    0, 0, 0, 0, 0, 0, 0, 0x110B90501, 0x110BA0301, 0, 0, 0, 0, 0, 0, 0, 0, 0, 0, 0, 0, 0, 0, 0, 0, 0, 0, 0, 0, 0, 0, 0, 0, 
    0, 0, 0, 0, 0, 0, 0, 0, 0, 0, 0, 0, 0, 0, 0, 0, 0, 0, 0, 0, 0, 0, 0, 0, 0, 0, 0, 0, 0, 0, 0, 0, 0, 0, 0, 0, 0, 0, 0, 0, 
    0, 0, 0, 0, 0, 0x111003301, 0x111013301, 0x111023301, 0, 0, 0, 0, 0, 0, 0, 0, 0, 0, 0, 0, 0, 0, 0, 0, 0, 0, 0, 0, 0, 0, 
    0, 0, 0, 0, 0, 0, 0, 0, 0, 0, 0, 0, 0, 0, 0, 0, 0, 0, 0, 0, 0, 0x111270001113102, 0x111270001113202, 0, 0, 0, 
    0x111330501, 0x111340501, 0, 0, 0, 0, 0, 0, 0, 0, 0, 0, 0, 0, 0, 0, 0, 0, 0, 0, 0, 0, 0, 0, 0, 0, 0, 0, 0, 0, 0, 0, 0, 
    0, 0, 0, 0, 0, 0, 0, 0, 0, 0, 0, 0, 0, 0, 0, 0, 0, 0, 0, 0, 0, 0, 0, 0, 0, 0, 0, 0, 0, 0, 0, 0x111730301, 0, 0, 0, 0, 
    0, 0, 0, 0, 0, 0, 0, 0, 0, 0, 0, 0, 0, 0, 0, 0, 0, 0, 0, 0, 0, 0, 0, 0, 0, 0, 0, 0, 0, 0, 0, 0, 0, 0, 0, 0, 0, 0, 0, 0, 
    0, 0, 0, 0, 0, 0, 0, 0, 0, 0, 0, 0, 0, 0, 0, 0, 0, 0, 0, 0, 0, 0, 0, 0, 0, 0, 0, 0, 0, 0, 0, 0, 0x111C00501, 0, 0, 0, 
    0, 0, 0, 0, 0, 0, 0x111CA0301, 0, 0, 0, 0, 0, 0, 0, 0, 0, 0, 0, 0, 0, 0, 0, 0, 0, 0, 0, 0, 0, 0, 0, 0, 0, 0, 0, 0, 0, 
    0, 0, 0, 0, 0, 0, 0, 0, 0, 0, 0, 0, 0, 0, 0, 0, 0, 0, 0, 0, 0, 0, 0, 0, 0, 0, 0, 0, 0, 0, 0, 0, 0, 0, 0, 0, 0, 0, 0, 0, 
    0, 0, 0, 0, 0, 0, 0, 0, 0, 0, 0, 0, 0, 0, 0, 0, 0, 0, 0, 0, 0, 0, 0, 0, 0, 0, 0, 0, 0, 0, 0, 0, 0, 0, 0, 0, 0, 
    0x112350501, 0x112360301, 0, 0, 0, 0, 0, 0, 0, 0, 0, 0, 0, 0, 0, 0, 0, 0, 0, 0, 0, 0, 0, 0, 0, 0, 0, 0, 0, 0, 0, 0, 0, 
    0, 0, 0, 0, 0, 0, 0, 0, 0, 0, 0, 0, 0, 0, 0, 0, 0, 0, 0, 0, 0, 0, 0, 0, 0, 0, 0, 0, 0, 0, 0, 0, 0, 0, 0, 0, 0, 0, 0, 0, 
    0, 0, 0, 0, 0, 0, 0, 0, 0, 0, 0, 0, 0, 0, 0, 0, 0, 0, 0, 0, 0, 0, 0, 0, 0, 0, 0, 0, 0, 0, 0, 0, 0, 0, 0, 0, 0, 0, 0, 0, 
    0, 0, 0, 0, 0, 0, 0, 0, 0, 0, 0, 0, 0, 0, 0, 0, 0, 0, 0, 0, 0, 0, 0, 0, 0, 0, 0, 0, 0, 0, 0, 0, 0, 0, 0, 0, 0, 0, 0, 0, 
    0, 0, 0, 0, 0, 0, 0, 0, 0, 0, 0, 0, 0, 0, 0, 0, 0, 0, 0, 0, 0, 0, 0, 0, 0, 0, 0, 0x112E90301, 0x112EA0501, 0, 0, 0, 0, 
    0, 0, 0, 0, 0, 0, 0, 0, 0, 0, 0, 0, 0, 0, 0, 0, 0, 0, 0, 0, 0, 0, 0, 0, 0, 0, 0, 0, 0, 0, 0, 0, 0, 0, 0, 0, 0, 0, 0, 0, 
    0, 0, 0, 0, 0, 0, 0, 0, 0, 0, 0, 0, 0, 0, 0, 0, 0, 0, 0, 0, 0, 0, 0, 0, 0, 0, 0, 0, 0, 0, 0, 0, 0, 0, 0, 0, 
    0x1133B0301, 0x1133C0301, 0, 0, 0, 0, 0, 0, 0, 0, 0, 0, 0, 0, 0, 0, 0x1133E0001134702, 0x113570001134702, 0x1134D0501, 
    0, 0, 0, 0, 0, 0, 0, 0, 0, 0, 0, 0, 0, 0, 0, 0, 0, 0, 0, 0, 0, 0, 0, 0, 0x113663301, 0x113673301, 0x113683301, 
    0x113693301, 0x1136A3301, 0x1136B3301, 0x1136C3301, 0, 0, 0, 0x113703301, 0x113713301, 0x113723301, 0x113733301, 
    0x113743301, 0, 0, 0, 0, 0, 0, 0, 0, 0, 0, 0, 0, 0, 0, 0, 0, 0, 0, 0, 0, 0, 0, 0, 0, 0, 0, 0, 0, 0, 0, 0, 0, 0, 0, 0, 
    0, 0, 0, 0, 0, 0, 0, 0, 0, 0, 0, 0, 0, 0, 0, 0, 0, 0, 0, 0, 0, 0, 0, 0, 0, 0, 0, 0, 0, 0, 0, 0, 0, 0, 0, 0, 0, 0, 0, 0, 
    0, 0, 0x114420501, 0, 0, 0, 0x114460301, 0, 0, 0, 0, 0, 0, 0, 0, 0, 0, 0, 0, 0, 0, 0, 0, 0, 0, 0, 0, 0, 0, 0, 
    0x1145E3301, 0, 0, 0, 0, 0, 0, 0, 0, 0, 0, 0, 0, 0, 0, 0, 0, 0, 0, 0, 0, 0, 0, 0, 0, 0, 0, 0, 0, 0, 0, 0, 0, 0, 0, 0, 
    0, 0, 0, 0, 0, 0, 0, 0, 0, 0, 0, 0, 0, 0, 0, 0, 0, 0, 0, 0, 0, 0, 0, 0, 0, 0, 0, 0, 0, 0, 0, 0, 0, 0, 0, 0, 0, 0, 0, 0, 
    0, 0, 0, 0, 0, 0, 0, 0, 0, 0, 0, 0, 0, 0, 0, 0, 0, 0x114BA000114B902, 0x114B0000114B902, 0, 0x114BD000114B902, 0, 0, 0, 
    0x114C20501, 0x114C30301, 0, 0, 0, 0, 0, 0, 0, 0, 0, 0, 0, 0, 0, 0, 0, 0, 0, 0, 0, 0, 0, 0, 0, 0, 0, 0, 0, 0, 0, 0, 0, 
    0, 0, 0, 0, 0, 0, 0, 0, 0, 0, 0, 0, 0, 0, 0, 0, 0, 0, 0, 0, 0, 0, 0, 0, 0, 0, 0, 0, 0, 0, 0, 0, 0, 0, 0, 0, 0, 0, 0, 0, 
    0, 0, 0, 0, 0, 0, 0, 0, 0, 0, 0, 0, 0, 0, 0, 0, 0, 0, 0, 0, 0, 0, 0, 0, 0, 0, 0, 0, 0, 0, 0, 0, 0, 0, 0, 0, 0, 0, 0, 0, 
    0, 0, 0, 0, 0, 0, 0, 0x115AF000115B802, 0x115AF000115B902, 0, 0, 0, 0x115BF0501, 0x115C00301, 0, 0, 0, 0, 0, 0, 0, 0, 
    0, 0, 0, 0, 0, 0, 0, 0, 0, 0, 0, 0, 0, 0, 0, 0, 0, 0, 0, 0, 0, 0, 0, 0, 0, 0, 0, 0, 0, 0, 0, 0, 0, 0, 0, 0, 0, 0, 0, 0, 
    0, 0, 0, 0, 0, 0, 0, 0, 0, 0, 0, 0, 0, 0, 0, 0, 0, 0, 0, 0, 0, 0, 0, 0, 0, 0, 0, 0, 0, 0, 0, 0, 0, 0, 0, 0, 0, 0, 0, 0, 
    0, 0, 0, 0, 0, 0, 0, 0, 0, 0, 0, 0, 0, 0, 0, 0, 0, 0, 0, 0, 0, 0, 0, 0, 0, 0, 0, 0, 0, 0, 0, 0, 0, 0, 0, 0, 0, 0, 
    0x1163F0501, 0, 0, 0, 0, 0, 0, 0, 0, 0, 0, 0, 0, 0, 0, 0, 0, 0, 0, 0, 0, 0, 0, 0, 0, 0, 0, 0, 0, 0, 0, 0, 0, 0, 0, 0, 
    0, 0, 0, 0, 0, 0, 0, 0, 0, 0, 0, 0, 0, 0, 0, 0, 0, 0, 0, 0, 0, 0, 0, 0, 0, 0, 0, 0, 0, 0, 0, 0, 0, 0, 0, 0, 0, 0, 0, 0, 
    0, 0, 0, 0, 0, 0, 0, 0, 0, 0, 0, 0, 0, 0, 0, 0, 0, 0, 0, 0, 0, 0, 0, 0, 0, 0, 0, 0, 0, 0, 0, 0, 0, 0, 0, 0, 0, 0, 0, 0, 
    0, 0, 0, 0x116B60501, 0x116B70301, 0, 0, 0, 0, 0, 0, 0, 0, 0, 0, 0, 0, 0, 0, 0, 0, 0, 0, 0, 0, 0, 0, 0, 0, 0, 0, 0, 0, 
    0, 0, 0, 0, 0, 0, 0, 0, 0, 0, 0, 0, 0, 0, 0, 0, 0, 0, 0, 0, 0, 0, 0, 0, 0, 0, 0, 0, 0, 0, 0, 0, 0, 0, 0, 0, 0, 0, 0, 0, 
    0, 0, 0, 0, 0, 0, 0, 0, 0, 0, 0, 0, 0, 0, 0, 0, 0, 0, 0, 0, 0, 0, 0, 0, 0, 0, 0, 0, 0, 0, 0, 0, 0, 0, 0, 0, 0, 0, 0, 0, 
    0, 0, 0, 0, 0, 0, 0, 0x1172B0501, 0, 0, 0, 0, 0, 0, 0, 0, 0, 0, 0, 0, 0, 0, 0, 0, 0, 0, 0, 0, 0, 0, 0, 0, 0, 0, 0, 0, 
    0, 0, 0, 0, 0, 0, 0, 0, 0, 0, 0, 0, 0, 0, 0, 0, 0, 0, 0, 0, 0, 0, 0, 0, 0, 0, 0, 0, 0, 0, 0, 0, 0, 0, 0, 0, 0, 0, 0, 0, 
    0, 0, 0, 0, 0, 0, 0, 0, 0, 0, 0, 0, 0, 0, 0, 0, 0, 0, 0, 0, 0, 0, 0, 0, 0, 0, 0, 0, 0, 0, 0, 0, 0, 0, 0, 0, 0, 0, 0, 0, 
    0, 0, 0, 0, 0, 0, 0, 0, 0, 0, 0, 0, 0, 0, 0, 0, 0, 0, 0, 0, 0, 0, 0, 0, 0, 0, 0, 0, 0, 0, 0, 0, 0, 0x118390501, 
    0x1183A0301, 0, 0, 0, 0, 0, 0, 0, 0, 0, 0, 0, 0, 0, 0, 0, 0, 0, 0, 0, 0, 0, 0, 0, 0, 0, 0, 0, 0, 0, 0, 0, 0, 0, 0, 0, 
    0, 0, 0, 0, 0, 0, 0, 0, 0, 0, 0, 0, 0, 0, 0, 0, 0, 0, 0, 0, 0, 0, 0, 0, 0, 0, 0, 0, 0, 0, 0, 0, 0, 0, 0, 0, 0, 0, 0, 0, 
    0, 0, 0, 0, 0, 0, 0, 0, 0, 0, 0, 0, 0, 0, 0, 0, 0, 0, 0, 0, 0, 0, 0, 0, 0, 0, 0, 0, 0, 0, 0, 0, 0, 0, 0, 0, 0, 0, 0, 0, 
    0, 0, 0, 0, 0, 0, 0, 0, 0, 0, 0x119300001193502, 0, 0, 0, 0, 0x1193D0501, 0x1193E0501, 0, 0, 0, 0, 0x119430301, 0, 0, 
    0, 0, 0, 0, 0, 0, 0, 0, 0, 0, 0, 0, 0, 0, 0, 0, 0, 0, 0, 0, 0, 0, 0, 0, 0, 0, 0, 0, 0, 0, 0, 0, 0, 0, 0, 0, 0, 0, 0, 0, 
    0, 0, 0, 0, 0, 0, 0, 0, 0, 0, 0, 0, 0, 0, 0, 0, 0, 0, 0, 0, 0, 0, 0, 0, 0, 0, 0, 0, 0, 0, 0, 0, 0, 0, 0, 0, 0, 0, 0, 0, 
    0, 0, 0, 0, 0, 0, 0, 0, 0, 0, 0, 0, 0, 0, 0, 0, 0, 0, 0, 0, 0, 0, 0, 0, 0, 0, 0, 0, 0, 0, 0, 0, 0, 0, 0, 0, 0, 0, 0, 0, 
    0, 0, 0, 0, 0, 0, 0, 0, 0, 0, 0, 0, 0, 0, 0, 0, 0, 0, 0, 0, 0, 0, 0, 0, 0, 0, 0, 0, 0, 0, 0, 0, 0, 0, 0x119E00501, 0, 
    0, 0, 0, 0, 0, 0, 0, 0, 0, 0, 0, 0, 0, 0, 0, 0, 0, 0, 0, 0, 0, 0, 0, 0, 0, 0, 0, 0, 0, 0, 0, 0, 0, 0, 0, 0, 0, 0, 0, 0, 
    0, 0, 0, 0, 0, 0, 0, 0, 0, 0, 0, 0, 0, 0, 0, 0, 0, 0, 0, 0, 0, 0, 0, 0, 0, 0, 0, 0, 0, 0, 0, 0, 0, 0, 0, 0, 0, 0, 0, 0, 
    0, 0, 0x11A340501, 0, 0, 0, 0, 0, 0, 0, 0, 0, 0, 0, 0, 0, 0, 0, 0, 0, 0, 0x11A470501, 0, 0, 0, 0, 0, 0, 0, 0, 0, 0, 0, 
    0, 0, 0, 0, 0, 0, 0, 0, 0, 0, 0, 0, 0, 0, 0, 0, 0, 0, 0, 0, 0, 0, 0, 0, 0, 0, 0, 0, 0, 0, 0, 0, 0, 0, 0, 0, 0, 0, 0, 0, 
    0, 0, 0, 0, 0, 0, 0, 0, 0, 0, 0, 0, 0, 0, 0, 0, 0, 0, 0, 0, 0, 0, 0, 0, 0, 0, 0, 0, 0, 0, 0x11A990501, 0, 0, 0, 0, 0, 
    0, 0, 0, 0, 0, 0, 0, 0, 0, 0, 0, 0, 0, 0, 0, 0, 0, 0, 0, 0, 0, 0, 0, 0, 0, 0, 0, 0, 0, 0, 0, 0, 0, 0, 0, 0, 0, 0, 0, 0, 
    0, 0, 0, 0, 0, 0, 0, 0, 0, 0, 0, 0, 0, 0, 0, 0, 0, 0, 0, 0, 0, 0, 0, 0, 0, 0, 0, 0, 0, 0, 0, 0, 0, 0, 0, 0, 0, 0, 0, 0, 
    0, 0, 0, 0, 0, 0, 0, 0, 0, 0, 0, 0, 0, 0, 0, 0, 0, 0, 0, 0, 0, 0, 0, 0, 0, 0, 0, 0, 0, 0, 0, 0, 0, 0, 0, 0, 0, 0, 0, 0, 
    0, 0, 0, 0, 0, 0, 0, 0, 0, 0, 0, 0, 0, 0, 0, 0, 0, 0, 0, 0, 0, 0, 0, 0, 0, 0, 0, 0, 0, 0, 0, 0, 0, 0, 0, 0, 0, 0, 0, 0, 
    0x11C3F0501, 0, 0, 0, 0, 0, 0, 0, 0, 0, 0, 0, 0, 0, 0, 0, 0, 0, 0, 0, 0, 0, 0, 0, 0, 0, 0, 0, 0, 0, 0, 0, 0, 0, 0, 0, 
    0, 0, 0, 0, 0, 0, 0, 0, 0, 0, 0, 0, 0, 0, 0, 0, 0, 0, 0, 0, 0, 0, 0, 0, 0, 0, 0, 0, 0, 0, 0, 0, 0, 0, 0, 0, 0, 0, 0, 0, 
    0, 0, 0, 0, 0, 0, 0, 0, 0, 0, 0, 0, 0, 0, 0, 0, 0, 0, 0, 0, 0, 0, 0, 0, 0, 0, 0, 0, 0, 0, 0, 0, 0, 0, 0, 0, 0, 0, 0, 0, 
    0, 0, 0, 0, 0, 0, 0, 0, 0, 0, 0, 0, 0, 0, 0, 0x11D420301, 0, 0x11D440501, 0x11D450501, 0, 0, 0, 0, 0, 0, 0, 0, 0, 0, 0, 
    0, 0, 0, 0, 0, 0, 0, 0, 0, 0, 0, 0, 0, 0, 0, 0, 0, 0, 0, 0, 0, 0, 0, 0, 0, 0, 0, 0, 0, 0, 0, 0, 0, 0, 0, 0, 0, 0, 0, 0, 
    0, 0, 0, 0, 0, 0, 0, 0, 0, 0, 0, 0, 0, 0, 0, 0, 0, 0, 0, 0, 0, 0, 0, 0, 0, 0, 0, 0, 0, 0, 0x11D970501, 0, 0, 0, 0, 0, 
    0, 0, 0, 0, 0, 0, 0, 0, 0, 0, 0, 0, 0, 0, 0, 0, 0, 0, 0, 0, 0, 0, 0, 0, 0, 0, 0, 0, 0, 0, 0, 0, 0, 0, 0, 0, 0, 0, 0, 0, 
    0, 0, 0, 0, 0, 0, 0, 0, 0, 0, 0, 0, 0, 0, 0, 0, 0, 0, 0, 0, 0, 0, 0, 0, 0, 0, 0, 0, 0, 0, 0, 0, 0, 0, 0, 0, 0, 0, 0, 0, 
    0, 0, 0, 0, 0, 0, 0, 0, 0, 0, 0, 0, 0, 0, 0, 0, 0, 0, 0, 0, 0, 0, 0, 0, 0, 0, 0, 0, 0, 0, 0, 0, 0, 0, 0, 0, 0, 0, 0, 0, 
    0, 0, 0, 0, 0, 0, 0, 0, 0, 0, 0, 0, 0, 0, 0, 0, 0, 0, 0, 0, 0, 0, 0, 0, 0, 0, 0, 0, 0, 0, 0, 0, 0, 0, 0, 0, 0, 0, 0, 0, 
    0, 0, 0, 0, 0x11F410501, 0x11F420501, 0, 0, 0, 0, 0, 0, 0, 0, 0, 0, 0, 0, 0, 0, 0, 0, 0, 0, 0, 0, 0, 0, 0, 0, 0, 0, 0, 
    0, 0, 0, 0, 0, 0, 0, 0, 0, 0, 0, 0, 0, 0, 0, 0, 0, 0, 0, 0, 0, 0, 0, 0, 0, 0, 0, 0, 0, 0, 0, 0, 0, 0, 0, 0, 0, 0, 0, 0, 
    0, 0, 0, 0, 0, 0, 0, 0, 0, 0, 0, 0, 0, 0, 0, 0, 0, 0, 0, 0, 0, 0, 0, 0, 0, 0, 0, 0, 0, 0, 0, 0, 0, 0, 0, 0, 0, 0, 0, 0, 
    0, 0, 0, 0, 0, 0, 0, 0, 0, 0, 0, 0, 0, 0, 0, 0, 0, 0, 0, 0, 0, 0, 0, 0, 0, 0, 0, 0, 0, 0, 0, 0, 0, 0, 0, 0, 0, 0, 0, 0, 
    0, 0, 0, 0, 0, 0, 0, 0, 0, 0, 0, 0, 0, 0, 0, 0, 0, 0, 0, 0, 0, 0, 0, 0, 0, 0, 0x16AF00101, 0x16AF10101, 0x16AF20101, 
    0x16AF30101, 0x16AF40101, 0, 0, 0, 0, 0, 0, 0, 0, 0, 0, 0, 0, 0, 0, 0, 0, 0, 0, 0, 0, 0, 0, 0, 0, 0, 0, 0, 0, 0, 0, 0, 
    0, 0, 0, 0, 0, 0, 0, 0, 0, 0, 0, 0, 0, 0, 0, 0, 0, 0, 0, 0, 0, 0, 0, 0, 0, 0, 0, 0, 0x16B303301, 0x16B313301, 
    0x16B323301, 0x16B333301, 0x16B343301, 0x16B353301, 0x16B363301, 0, 0, 0, 0, 0, 0, 0, 0, 0, 0, 0, 0, 0, 0, 0, 0, 0, 0, 
    0, 0, 0, 0, 0, 0, 0, 0, 0, 0, 0, 0, 0, 0, 0, 0, 0, 0, 0, 0, 0, 0, 0, 0, 0, 0, 0, 0, 0, 0, 0, 0, 0, 0, 0, 0, 0, 0, 0, 0, 
    0, 0, 0, 0, 0, 0, 0, 0, 0, 0, 0, 0, 0, 0, 0, 0, 0, 0, 0, 0, 0, 0, 0, 0, 0, 0, 0, 0, 0, 0, 0, 0, 0, 0, 0, 0, 0, 0, 0, 0, 
    0, 0, 0, 0, 0, 0, 0, 0, 0, 0, 0, 0, 0, 0, 0, 0, 0, 0, 0, 0, 0, 0, 0, 0, 0, 0, 0, 0, 0, 0, 0, 0, 0, 0, 0, 0, 0, 0, 0, 0, 
    0, 0, 0, 0, 0, 0, 0, 0, 0, 0, 0, 0, 0, 0, 0, 0, 0, 0, 0, 0, 0, 0, 0, 0, 0, 0, 0, 0, 0, 0, 0, 0, 0, 0, 0, 0, 0, 0, 0, 0, 
    0, 0, 0, 0, 0, 0, 0, 0x16FF00201, 0x16FF10201, 0, 0, 0, 0, 0, 0, 0, 0, 0, 0, 0, 0, 0, 0, 0, 0, 0, 0, 0, 0, 0, 0, 0, 0, 
    0, 0, 0, 0, 0, 0, 0, 0, 0, 0, 0, 0, 0, 0, 0, 0, 0, 0, 0, 0, 0x1BC9E0101, 0, 0, 0, 0, 0, 0, 0, 0, 0, 0, 0, 0, 0, 0, 0, 
    0, 0, 0, 0, 0, 0, 0, 0, 0, 0, 0, 0, 0, 0, 0, 0, 0, 0, 0, 0, 0, 0, 0, 0, 0, 0, 0, 0, 0, 0, 0, 0, 0, 0, 0, 0, 0, 0, 0, 0, 
    0, 0, 0, 0, 0, 0, 0, 0, 0, 0, 0, 0, 0, 0, 0, 0, 0, 0, 0, 0, 0, 0, 0, 0, 0, 0, 0, 0, 0, 0, 0, 0, 0, 0, 0, 0, 0, 0, 0, 0, 
    0, 0, 0, 0, 0, 0, 0, 0, 0, 0, 0, 0, 0, 0, 0, 0, 0, 0, 0, 0, 0, 0, 0, 0, 0, 0, 0, 0, 0, 0, 0, 0, 0, 0, 0, 0, 0, 0, 0, 0, 
    0, 0, 0, 0, 0, 0, 0, 0, 0, 0, 0, 0, 0, 0, 0, 0, 0, 0, 0, 0, 0, 0, 0, 0, 0, 0, 0, 0, 0, 0, 0, 0, 0, 0, 0, 0, 0, 0, 0, 0, 
    0, 0, 0, 0, 0, 0, 0, 0, 0, 0, 0, 0, 0, 0, 0, 0, 0x1D1652C01D15702, 0x1D1652C01D15802, 0x9B0304, 0x9E0304, 0xA10304, 
    0xA40304, 0xA70304, 0x1D1652C01, 0x1D1662C01, 0x1D1670101, 0x1D1680101, 0x1D1690101, 0, 0, 0, 0x1D16D3101, 0x1D16E2C01, 
    0x1D16F2C01, 0x1D1702C01, 0x1D1712C01, 0x1D1722C01, 0, 0, 0, 0, 0, 0, 0, 0, 0x1D17B2E01, 0x1D17C2E01, 0x1D17D2E01, 
    0x1D17E2E01, 0x1D17F2E01, 0x1D1802E01, 0x1D1812E01, 0x1D1822E01, 0, 0, 0x1D1853301, 0x1D1863301, 0x1D1873301, 
    0x1D1883301, 0x1D1893301, 0x1D18A2E01, 0x1D18B2E01, 0, 0, 0, 0, 0, 0, 0, 0, 0, 0, 0, 0, 0, 0, 0, 0, 0, 0, 0, 0, 0, 0, 
    0, 0, 0, 0, 0, 0, 0, 0, 0x1D1AA3301, 0x1D1AB3301, 0x1D1AC3301, 0x1D1AD3301, 0, 0, 0, 0, 0, 0, 0, 0, 0, 0, 0, 0, 0, 
    0x1D1652C01D1B902, 0x1D1652C01D1BA02, 0xAA0304, 0xAD0304, 0xB00304, 0xB30304, 0, 0, 0, 0, 0, 0, 0, 0, 0, 0, 0, 0, 0, 0, 
    0, 0, 0, 0, 0, 0, 0, 0, 0, 0, 0, 0, 0, 0, 0, 0, 0, 0, 0, 0, 0, 0, 0, 0, 0, 0, 0, 0, 0, 0, 0, 0, 0, 0, 0, 0, 0, 0, 0, 0, 
    0, 0, 0, 0, 0, 0, 0, 0, 0, 0, 0, 0, 0, 0, 0, 0, 0, 0, 0, 0, 0, 0, 0, 0, 0, 0, 0, 0, 0, 0, 0, 0, 0, 0, 0, 0, 0, 0, 0, 0, 
    0, 0, 0, 0, 0, 0, 0, 0, 0, 0, 0, 0, 0, 0, 0, 0, 0, 0, 0, 0, 0, 0, 0, 0, 0, 0, 0, 0, 0, 0, 0, 0, 0, 0, 0, 0x1D2423301, 
    0x1D2433301, 0x1D2443301, 0, 0, 0, 0, 0, 0, 0, 0, 0, 0, 0, 0, 0, 0, 0, 0, 0, 0, 0, 0, 0, 0, 0, 0, 0, 0, 0, 0, 0, 0, 0, 
    0, 0, 0, 0, 0, 0, 0, 0, 0, 0, 0, 0, 0, 0, 0, 0, 0, 0, 0, 0, 0, 0, 0, 0, 0, 0, 0, 0, 0x1E0003301, 0x1E0013301, 
    0x1E0023301, 0x1E0033301, 0x1E0043301, 0x1E0053301, 0x1E0063301, 0, 0x1E0083301, 0x1E0093301, 0x1E00A3301, 0x1E00B3301, 
    0x1E00C3301, 0x1E00D3301, 0x1E00E3301, 0x1E00F3301, 0x1E0103301, 0x1E0113301, 0x1E0123301, 0x1E0133301, 0x1E0143301, 
    0x1E0153301, 0x1E0163301, 0x1E0173301, 0x1E0183301, 0, 0, 0x1E01B3301, 0x1E01C3301, 0x1E01D3301, 0x1E01E3301, 
    0x1E01F3301, 0x1E0203301, 0x1E0213301, 0, 0x1E0233301, 0x1E0243301, 0, 0x1E0263301, 0x1E0273301, 0x1E0283301, 
    0x1E0293301, 0x1E02A3301, 0, 0, 0, 0, 0, 0, 0, 0, 0, 0, 0, 0, 0, 0, 0, 0, 0, 0, 0, 0, 0, 0, 0, 0, 0, 0, 0, 0, 0, 0, 0, 
    0, 0, 0, 0, 0, 0, 0, 0, 0, 0, 0, 0, 0, 0, 0, 0, 0, 0, 0, 0, 0, 0, 0, 0, 0, 0, 0, 0, 0, 0, 0, 0, 0, 0, 0, 0, 0, 0, 0, 0, 
    0, 0, 0, 0, 0, 0, 0, 0, 0, 0, 0, 0, 0, 0, 0, 0, 0, 0, 0, 0, 0, 0, 0, 0, 0, 0, 0, 0, 0, 0x1E08F3301, 0, 0, 0, 0, 0, 0, 
    0, 0, 0, 0, 0, 0, 0, 0, 0, 0, 0, 0, 0, 0, 0, 0, 0, 0, 0, 0, 0, 0, 0, 0, 0, 0, 0, 0, 0, 0, 0, 0, 0, 0, 0, 0, 0, 0, 0, 0, 
    0, 0, 0, 0, 0, 0, 0, 0, 0, 0, 0, 0, 0, 0, 0, 0, 0, 0, 0, 0, 0, 0, 0, 0, 0, 0, 0, 0, 0, 0, 0, 0, 0, 0, 0, 0, 0, 0, 0, 0, 
    0, 0, 0, 0, 0, 0, 0, 0, 0, 0, 0, 0, 0, 0, 0, 0, 0, 0, 0, 0, 0, 0, 0, 0, 0, 0, 0, 0, 0, 0, 0, 0, 0, 0, 0, 0, 0, 0, 0, 0, 
    0, 0, 0, 0, 0, 0, 0, 0, 0, 0, 0, 0, 0, 0, 0, 0, 0, 0, 0, 0, 0, 0, 0, 0, 0, 0, 0, 0, 0, 0, 0, 0, 0, 0, 0x1E1303301, 
    0x1E1313301, 0x1E1323301, 0x1E1333301, 0x1E1343301, 0x1E1353301, 0x1E1363301, 0, 0, 0, 0, 0, 0, 0, 0, 0, 0, 0, 0, 0, 0, 
    0, 0, 0, 0, 0, 0, 0, 0, 0, 0, 0, 0, 0, 0, 0, 0, 0, 0, 0, 0, 0, 0, 0, 0, 0, 0, 0, 0, 0, 0, 0, 0, 0, 0, 0, 0, 0, 0, 0, 0, 
    0, 0, 0, 0, 0, 0, 0, 0, 0, 0, 0, 0, 0, 0, 0, 0, 0, 0, 0, 0, 0, 0, 0, 0, 0, 0, 0, 0, 0, 0, 0, 0, 0, 0, 0, 0, 0, 0, 0, 0, 
    0, 0, 0, 0, 0, 0, 0, 0, 0, 0, 0, 0, 0, 0, 0, 0, 0, 0, 0, 0, 0, 0, 0, 0, 0, 0x1E2AE3301, 0, 0, 0, 0, 0, 0, 0, 0, 0, 0, 
    0, 0, 0, 0, 0, 0, 0, 0, 0, 0, 0, 0, 0, 0, 0, 0, 0, 0, 0, 0, 0, 0, 0, 0, 0, 0, 0, 0, 0, 0, 0, 0, 0, 0, 0, 0, 0, 0, 0, 0, 
    0, 0, 0, 0, 0, 0, 0, 0, 0, 0, 0, 0x1E2EC3301, 0x1E2ED3301, 0x1E2EE3301, 0x1E2EF3301, 0, 0, 0, 0, 0, 0, 0, 0, 0, 0, 0, 
    0, 0, 0, 0, 0, 0, 0, 0, 0, 0, 0, 0, 0, 0, 0, 0, 0, 0, 0, 0, 0, 0, 0, 0, 0, 0, 0, 0, 0, 0, 0, 0, 0, 0, 0, 0, 0, 0, 0, 0, 
    0, 0, 0, 0, 0, 0, 0, 0, 0, 0, 0, 0, 0, 0, 0, 0, 0, 0, 0, 0, 0, 0, 0, 0, 0, 0, 0, 0, 0, 0, 0, 0, 0, 0, 0, 0, 0, 0, 0, 0, 
    0, 0, 0, 0, 0, 0, 0, 0, 0, 0, 0, 0, 0, 0, 0, 0, 0, 0, 0, 0, 0, 0, 0, 0, 0, 0, 0, 0, 0, 0, 0, 0, 0, 0x1E4EC3401, 
    0x1E4ED3401, 0x1E4EE2E01, 0x1E4EF3301, 0, 0, 0, 0, 0, 0, 0, 0, 0, 0, 0, 0, 0, 0, 0, 0, 0, 0, 0, 0, 0, 0, 0, 0, 0, 0, 0, 
    0, 0, 0, 0, 0, 0, 0, 0, 0, 0, 0, 0, 0, 0, 0, 0, 0, 0, 0, 0, 0, 0, 0, 0, 0, 0, 0, 0, 0, 0, 0, 0, 0, 0, 0, 0, 0, 0, 0, 0, 
    0, 0, 0, 0, 0, 0, 0, 0, 0, 0, 0, 0, 0, 0, 0, 0, 0, 0, 0, 0, 0, 0, 0, 0, 0, 0, 0, 0, 0, 0x1E8D02E01, 0x1E8D12E01, 
    0x1E8D22E01, 0x1E8D32E01, 0x1E8D42E01, 0x1E8D52E01, 0x1E8D62E01, 0, 0, 0, 0, 0, 0, 0, 0, 0, 0, 0, 0, 0, 0, 0, 0, 0, 0, 
    0, 0, 0, 0, 0, 0, 0, 0, 0, 0, 0, 0, 0, 0, 0, 0, 0, 0, 0, 0, 0, 0, 0, 0, 0, 0, 0, 0, 0, 0, 0, 0, 0, 0, 0, 0, 0, 0, 0, 0, 
    0, 0, 0, 0, 0, 0, 0, 0, 0, 0, 0, 0, 0, 0, 0, 0, 0, 0, 0, 0, 0, 0, 0, 0, 0, 0, 0, 0, 0, 0, 0, 0, 0, 0, 0, 0, 0, 0, 0, 0, 
    0, 0, 0, 0, 0, 0, 0, 0, 0, 0, 0, 0x1E9443301, 0x1E9453301, 0x1E9463301, 0x1E9473301, 0x1E9483301, 0x1E9493301, 
    0x1E94A0301, 0, 0, 0, 0, 0, 0, 0, 0, 0, 0, 0, 0, 0, 0, 0, 0, 0, 0, 0, 0, 0, 0, 0, 0, 0, 0, 0, 0, 0, 0, 0, 0, 0, 0, 0, 
    0, 0, 0, 0, 0, 0, 0, 0, 0, 0, 0, 0, 0, 0, 0, 0, 0, 0, 0x4E3D0003, 0x4E380003, 0x4E410003, 0x201220003, 0x4F600003, 
    0x4FAE0003, 0x4FBB0003, 0x50020003, 0x507A0003, 0x50990003, 0x50E70003, 0x50CF0003, 0x349E0003, 0x2063A0003, 
    0x514D0003, 0x51540003, 0x51640003, 0x51770003, 0x2051C0003, 0x34B90003, 0x51670003, 0x518D0003, 0x2054B0003, 
    0x51970003, 0x51A40003, 0x4ECC0003, 0x51AC0003, 0x51B50003, 0x291DF0003, 0x51F50003, 0x52030003, 0x34DF0003, 
    0x523B0003, 0x52460003, 0x52720003, 0x52770003, 0x35150003, 0x52C70003, 0x52C90003, 0x52E40003, 0x52FA0003, 0x53050003, 
    0x53060003, 0x53170003, 0x53490003, 0x53510003, 0x535A0003, 0x53730003, 0x537D0003, 0x537F0003, 0x537F0003, 0x537F0003, 
    0x20A2C0003, 0x70700003, 0x53CA0003, 0x53DF0003, 0x20B630003, 0x53EB0003, 0x53F10003, 0x54060003, 0x549E0003, 
    0x54380003, 0x54480003, 0x54680003, 0x54A20003, 0x54F60003, 0x55100003, 0x55530003, 0x55630003, 0x55840003, 0x55840003, 
    0x55990003, 0x55AB0003, 0x55B30003, 0x55C20003, 0x57160003, 0x56060003, 0x57170003, 0x56510003, 0x56740003, 0x52070003, 
    0x58EE0003, 0x57CE0003, 0x57F40003, 0x580D0003, 0x578B0003, 0x58320003, 0x58310003, 0x58AC0003, 0x214E40003, 
    0x58F20003, 0x58F70003, 0x59060003, 0x591A0003, 0x59220003, 0x59620003, 0x216A80003, 0x216EA0003, 0x59EC0003, 
    0x5A1B0003, 0x5A270003, 0x59D80003, 0x5A660003, 0x36EE0003, 0x36FC0003, 0x5B080003, 0x5B3E0003, 0x5B3E0003, 
    0x219C80003, 0x5BC30003, 0x5BD80003, 0x5BE70003, 0x5BF30003, 0x21B180003, 0x5BFF0003, 0x5C060003, 0x5F530003, 
    0x5C220003, 0x37810003, 0x5C600003, 0x5C6E0003, 0x5CC00003, 0x5C8D0003, 0x21DE40003, 0x5D430003, 0x21DE60003, 
    0x5D6E0003, 0x5D6B0003, 0x5D7C0003, 0x5DE10003, 0x5DE20003, 0x382F0003, 0x5DFD0003, 0x5E280003, 0x5E3D0003, 0x5E690003, 
    0x38620003, 0x221830003, 0x387C0003, 0x5EB00003, 0x5EB30003, 0x5EB60003, 0x5ECA0003, 0x2A3920003, 0x5EFE0003, 
    0x223310003, 0x223310003, 0x82010003, 0x5F220003, 0x5F220003, 0x38C70003, 0x232B80003, 0x261DA0003, 0x5F620003, 
    0x5F6B0003, 0x38E30003, 0x5F9A0003, 0x5FCD0003, 0x5FD70003, 0x5FF90003, 0x60810003, 0x393A0003, 0x391C0003, 0x60940003, 
    0x226D40003, 0x60C70003, 0x61480003, 0x614C0003, 0x614E0003, 0x614C0003, 0x617A0003, 0x618E0003, 0x61B20003, 
    0x61A40003, 0x61AF0003, 0x61DE0003, 0x61F20003, 0x61F60003, 0x62100003, 0x621B0003, 0x625D0003, 0x62B10003, 0x62D40003, 
    0x63500003, 0x22B0C0003, 0x633D0003, 0x62FC0003, 0x63680003, 0x63830003, 0x63E40003, 0x22BF10003, 0x64220003, 
    0x63C50003, 0x63A90003, 0x3A2E0003, 0x64690003, 0x647E0003, 0x649D0003, 0x64770003, 0x3A6C0003, 0x654F0003, 0x656C0003, 
    0x2300A0003, 0x65E30003, 0x66F80003, 0x66490003, 0x3B190003, 0x66910003, 0x3B080003, 0x3AE40003, 0x51920003, 
    0x51950003, 0x67000003, 0x669C0003, 0x80AD0003, 0x43D90003, 0x67170003, 0x671B0003, 0x67210003, 0x675E0003, 0x67530003, 
    0x233C30003, 0x3B490003, 0x67FA0003, 0x67850003, 0x68520003, 0x68850003, 0x2346D0003, 0x688E0003, 0x681F0003, 
    0x69140003, 0x3B9D0003, 0x69420003, 0x69A30003, 0x69EA0003, 0x6AA80003, 0x236A30003, 0x6ADB0003, 0x3C180003, 
    0x6B210003, 0x238A70003, 0x6B540003, 0x3C4E0003, 0x6B720003, 0x6B9F0003, 0x6BBA0003, 0x6BBB0003, 0x23A8D0003, 
    0x21D0B0003, 0x23AFA0003, 0x6C4E0003, 0x23CBC0003, 0x6CBF0003, 0x6CCD0003, 0x6C670003, 0x6D160003, 0x6D3E0003, 
    0x6D770003, 0x6D410003, 0x6D690003, 0x6D780003, 0x6D850003, 0x23D1E0003, 0x6D340003, 0x6E2F0003, 0x6E6E0003, 
    0x3D330003, 0x6ECB0003, 0x6EC70003, 0x23ED10003, 0x6DF90003, 0x6F6E0003, 0x23F5E0003, 0x23F8E0003, 0x6FC60003, 
    0x70390003, 0x701E0003, 0x701B0003, 0x3D960003, 0x704A0003, 0x707D0003, 0x70770003, 0x70AD0003, 0x205250003, 
    0x71450003, 0x242630003, 0x719C0003, 0x243AB0003, 0x72280003, 0x72350003, 0x72500003, 0x246080003, 0x72800003, 
    0x72950003, 0x247350003, 0x248140003, 0x737A0003, 0x738B0003, 0x3EAC0003, 0x73A50003, 0x3EB80003, 0x3EB80003, 
    0x74470003, 0x745C0003, 0x74710003, 0x74850003, 0x74CA0003, 0x3F1B0003, 0x75240003, 0x24C360003, 0x753E0003, 
    0x24C920003, 0x75700003, 0x2219F0003, 0x76100003, 0x24FA10003, 0x24FB80003, 0x250440003, 0x3FFC0003, 0x40080003, 
    0x76F40003, 0x250F30003, 0x250F20003, 0x251190003, 0x251330003, 0x771E0003, 0x771F0003, 0x771F0003, 0x774A0003, 
    0x40390003, 0x778B0003, 0x40460003, 0x40960003, 0x2541D0003, 0x784E0003, 0x788C0003, 0x78CC0003, 0x40E30003, 
    0x256260003, 0x79560003, 0x2569A0003, 0x256C50003, 0x798F0003, 0x79EB0003, 0x412F0003, 0x7A400003, 0x7A4A0003, 
    0x7A4F0003, 0x2597C0003, 0x25AA70003, 0x25AA70003, 0x7AEE0003, 0x42020003, 0x25BAB0003, 0x7BC60003, 0x7BC90003, 
    0x42270003, 0x25C800003, 0x7CD20003, 0x42A00003, 0x7CE80003, 0x7CE30003, 0x7D000003, 0x25F860003, 0x7D630003, 
    0x43010003, 0x7DC70003, 0x7E020003, 0x7E450003, 0x43340003, 0x262280003, 0x262470003, 0x43590003, 0x262D90003, 
    0x7F7A0003, 0x2633E0003, 0x7F950003, 0x7FFA0003, 0x80050003, 0x264DA0003, 0x265230003, 0x80600003, 0x265A80003, 
    0x80700003, 0x2335F0003, 0x43D50003, 0x80B20003, 0x81030003, 0x440B0003, 0x813E0003, 0x5AB50003, 0x267A70003, 
    0x267B50003, 0x233930003, 0x2339C0003, 0x82010003, 0x82040003, 0x8F9E0003, 0x446B0003, 0x82910003, 0x828B0003, 
    0x829D0003, 0x52B30003, 0x82B10003, 0x82B30003, 0x82BD0003, 0x82E60003, 0x26B3C0003, 0x82E50003, 0x831D0003, 
    0x83630003, 0x83AD0003, 0x83230003, 0x83BD0003, 0x83E70003, 0x84570003, 0x83530003, 0x83CA0003, 0x83CC0003, 0x83DC0003, 
    0x26C360003, 0x26D6B0003, 0x26CD50003, 0x452B0003, 0x84F10003, 0x84F30003, 0x85160003, 0x273CA0003, 0x85640003, 
    0x26F2C0003, 0x455D0003, 0x45610003, 0x26FB10003, 0x270D20003, 0x456B0003, 0x86500003, 0x865C0003, 0x86670003, 
    0x86690003, 0x86A90003, 0x86880003, 0x870E0003, 0x86E20003, 0x87790003, 0x87280003, 0x876B0003, 0x87860003, 0x45D70003, 
    0x87E10003, 0x88010003, 0x45F90003, 0x88600003, 0x88630003, 0x276670003, 0x88D70003, 0x88DE0003, 0x46350003, 
    0x88FA0003, 0x34BB0003, 0x278AE0003, 0x279660003, 0x46BE0003, 0x46C70003, 0x8AA00003, 0x8AED0003, 0x8B8A0003, 
    0x8C550003, 0x27CA80003, 0x8CAB0003, 0x8CC10003, 0x8D1B0003, 0x8D770003, 0x27F2F0003, 0x208040003, 0x8DCB0003, 
    0x8DBC0003, 0x8DF00003, 0x208DE0003, 0x8ED40003, 0x8F380003, 0x285D20003, 0x285ED0003, 0x90940003, 0x90F10003, 
    0x91110003, 0x2872E0003, 0x911B0003, 0x92380003, 0x92D70003, 0x92D80003, 0x927C0003, 0x93F90003, 0x94150003, 
    0x28BFA0003, 0x958B0003, 0x49950003, 0x95B70003, 0x28D770003, 0x49E60003, 0x96C30003, 0x5DB20003, 0x97230003, 
    0x291450003, 0x2921A0003, 0x4A6E0003, 0x4A760003, 0x97E00003, 0x2940A0003, 0x4AB20003, 0x294960003, 0x980B0003, 
    0x980B0003, 0x98290003, 0x295B60003, 0x98E20003, 0x4B330003, 0x99290003, 0x99A70003, 0x99C20003, 0x99FE0003, 
    0x4BCE0003, 0x29B300003, 0x9B120003, 0x9C400003, 0x9CFD0003, 0x4CCE0003, 0x4CED0003, 0x9D670003, 0x2A0CE0003, 
    0x4CF80003, 0x2A1050003, 0x2A20E0003, 0x2A2910003, 0x9EBB0003, 0x4D560003, 0x9EF90003, 0x9EFE0003, 0x9F050003, 
    0x9F0F0003, 0x9F160003, 0x9F3B0003, 0x2A6000003, 0, 0, 0, 0, 0, 0, 0, 0, 0, 0, 0, 0, 0, 0, 0, 0, 0, 0, 0, 0, 0, 0, 0, 
    0, 0, 0, 0, 0, 0, 0, 0, 0, 0, 0, 0, 0, 0, 0, 0, 0, 0, 0, 0, 0, 0, 0, 0, 0, 0, 0, 0, 0, 0, 0, 0, 0, 0, 0, 0, 0, 0, 0, 0, 
    0, 0, 0, 0, 0, 0, 0, 0, 0, 0, 0, 0, 0, 0, 0, 0, 0, 0, 0, 0, 0, 0, 0, 0, 0, 0, 0, 0, 0, 0, 0, 0, 0, 0, 0, 0x5, 0x5, 0x5, 
    0x5, 0x5, 0x5, 0x5, 0x5, 0x5, 0x5, 0x5, 0x5, 0x5, 0x5, 0x5, 0x5, 0x5, 0x5, 0x5, 0x5, 0x5, 0x5, 0x5, 0x5, 0x5, 0x5, 0x5, 
    0x5, 0x5, 0x5, 0x5, 0x5, 0x5, 0x5, 0x5, 0x5, 0x5, 0x5, 0x5, 0x5, 0x5, 0x5, 0x5, 0x5, 0x5, 0x5, 0x5, 0x5, 0x5, 0x5, 0x5, 
    0x5, 0x5, 0x5, 0x5, 0x5, 0x5, 0x5, 0x5, 0x5, 0x5, 0x5, 0x5, 0x5, 0x5, 0x5, 0x5, 0x5, 0x5, 0x5, 0x5, 0x5, 0x5, 0x5, 0x5, 
    0x5, 0x5, 0x5, 0x5, 0x5, 0x5, 0x5, 0x5, 0x5, 0x5, 0x5, 0x5, 0x5, 0x5, 0x5, 0x5, 0x5, 0x5, 0x5, 0x5, 0x5, 0x5, 0x5, 0x5, 
    0x5, 0x5, 0x5, 0x5, 0x5, 0x5, 0x5, 0x5, 0x5, 0x5, 0x5, 0x5, 0x5, 0x5, 0x5, 0x5, 0x5, 0x5, 0x5, 0x5, 0x5, 0x5, 0x5, 0x5, 
    0x5, 0x5, 0x5, 0x5, 0x5, 0x5, 0x5, 0x5, 0x5, 0x5, 0x5, 0x5, 0x5, 0x5, 0x5, 0x5, 0x5, 0x5, 0x5, 0x5, 0x5, 0x5, 0x5, 0x5, 
    0x5, 0x5, 0x5, 0x5, 0x5, 0x5, 0x5, 0x5, 0x5, 0x5, 0x5, 0x5, 0x5, 0x5, 0x5, 0x5, 0x5, 0, 0, 0, 0, 0, 0, 0, 0, 0, 0, 0, 
    0, 0, 0, 0, 0, 0, 0, 0, 0, 0, 0, 0, 0, 0, 0, 0, 0, 0, 0, 0, 0, 0, 0, 0, 0, 0, 0, 0, 0, 0, 0, 0, 0, 0, 0, 0, 0, 0, 0, 0, 
    0, 0, 0, 0, 0, 0, 0, 0, 0, 0, 0, 0, 0, 0, 0, 0, 0, 0, 0, 0, 0, 0, 0, 0, 0, 0, 0, 0, 0, 0, 0, 0, 0, 0, 0, 0, 0, 0, 0, 0, 
    0, 
  ],
  expansions: &[
    0x30033, 0x30133, 0x31333, 0x30833, 0x30133, 0xF7127, 0xF7228, 0xF7127, 0xF7429, 0xF7127, 0xF8028, 0x3B100, 0x31333, 
    0x30033, 0x34537, 0x3B100, 0x31433, 0x30033, 0x34537, 0x3B100, 0x31333, 0x30133, 0x34537, 0x3B100, 0x31433, 0x30133, 
    0x34537, 0x3B100, 0x31333, 0x34233, 0x34537, 0x3B100, 0x31433, 0x34233, 0x34537, 0x39100, 0x31333, 0x30033, 0x34537, 
    0x39100, 0x31433, 0x30033, 0x34537, 0x39100, 0x31333, 0x30133, 0x34537, 0x39100, 0x31433, 0x30133, 0x34537, 0x39100, 
    0x31333, 0x34233, 0x34537, 0x39100, 0x31433, 0x34233, 0x34537, 0x3B700, 0x31333, 0x30033, 0x34537, 0x3B700, 0x31433, 
    0x30033, 0x34537, 0x3B700, 0x31333, 0x30133, 0x34537, 0x3B700, 0x31433, 0x30133, 0x34537, 0x3B700, 0x31333, 0x34233, 
    0x34537, 0x3B700, 0x31433, 0x34233, 0x34537, 0x39700, 0x31333, 0x30033, 0x34537, 0x39700, 0x31433, 0x30033, 0x34537, 
    0x39700, 0x31333, 0x30133, 0x34537, 0x39700, 0x31433, 0x30133, 0x34537, 0x39700, 0x31333, 0x34233, 0x34537, 0x39700, 
    0x31433, 0x34233, 0x34537, 0x3C900, 0x31333, 0x30033, 0x34537, 0x3C900, 0x31433, 0x30033, 0x34537, 0x3C900, 0x31333, 
    0x30133, 0x34537, 0x3C900, 0x31433, 0x30133, 0x34537, 0x3C900, 0x31333, 0x34233, 0x34537, 0x3C900, 0x31433, 0x34233, 
    0x34537, 0x3A900, 0x31333, 0x30033, 0x34537, 0x3A900, 0x31433, 0x30033, 0x34537, 0x3A900, 0x31333, 0x30133, 0x34537, 
    0x3A900, 0x31433, 0x30133, 0x34537, 0x3A900, 0x31333, 0x34233, 0x34537, 0x3A900, 0x31433, 0x34233, 0x34537, 0x1D15800, 
    0x1D1652C, 0x1D16E2C, 0x1D15800, 0x1D1652C, 0x1D16F2C, 0x1D15800, 0x1D1652C, 0x1D1702C, 0x1D15800, 0x1D1652C, 
    0x1D1712C, 0x1D15800, 0x1D1652C, 0x1D1722C, 0x1D1B900, 0x1D1652C, 0x1D16E2C, 0x1D1BA00, 0x1D1652C, 0x1D16E2C, 
    0x1D1B900, 0x1D1652C, 0x1D16F2C, 0x1D1BA00, 0x1D1652C, 0x1D16F2C, 
  ],
  continuous_block_end: 0x0FFF,
}
